# 포트폴리오 보고서 (기준일: 2025-12-26)

## 요약
- 포트폴리오 **누적 수익률**: **16.69%**  (V₀=11,045,878, Vₜ=13,051,900)
- 포트폴리오 **일일 수익률**: **-0.85%**  (공통 거래일: 2025-12-24 → 2025-12-26)
- KOSPI **일일 수익률**: **0.51%**  (비교 기준일: 2025-12-26)
- **초과수익률(일일)**: **-1.36%**

## 개별 종목 현황 (오늘 기준)

| name | code | shares | buy_price | last_date | close_last | r_i_cum | r_i_daily |
|---|---:|---:|---:|---|---:|---:|---:|
| KT | 030200 | 16 | 52,901 | 2025-12-26 | 53,400 | 0.94% | 0.00% |
| LG디스플레이 | 034220 | 84 | 11,940 | 2025-12-26 | 11,770 | -1.43% | -2.35% |
| LG유플러스 | 032640 | 62 | 14,955 | 2025-12-26 | 15,060 | 0.70% | -2.82% |
| 강원랜드 | 035250 | 60 | 18,291 | 2025-12-26 | 18,540 | 1.35% | -1.82% |
| 동아쏘시오홀딩스 | 000640 | 10 | 109,982 | 2025-12-26 | 110,200 | 0.20% | -2.86% |
| 삼성물산 | 028260 | 6 | 173,255 | 2025-12-26 | 240,500 | 32.80% | 0.21% |
| 세아베스틸지주 | 001430 | 32 | 27,976 | 2025-12-26 | 49,300 | 56.66% | 4.78% |
| 아모레퍼시픽홀딩스 | 002790 | 18 | 27,825 | 2025-12-26 | 27,000 | -3.01% | -2.20% |
| 영원무역홀딩스 | 009970 | 16 | 133,954 | 2025-12-26 | 191,200 | 35.58% | -1.81% |
| 오리온홀딩스 | 001800 | 36 | 21,026 | 2025-12-26 | 20,550 | -2.29% | -1.21% |
| 현대지에프홀딩스 | 005440 | 90 | 8,180 | 2025-12-26 | 8,390 | 2.53% | -1.30% |

## Beta (1Y, 일간 로그수익률)
- 기준일: **2025-12-26**, 윈도우: **2024-12-26 ~ 2025-12-26**

### 포트폴리오 Beta
- 관측치 수: **242**  (공통 거래일 기준)
- 기간: **2024-12-27 ~ 2025-12-26**
- **Beta (직접법)**: **0.5707**

### 개별 종목 Beta
| name | code | n | period | beta |
|---|---:|---:|---|---:|
| KT | 030200 | 243 | 2024-12-26 ~ 2025-12-26 | 0.2268 |
| LG디스플레이 | 034220 | 243 | 2024-12-26 ~ 2025-12-26 | 1.0760 |
| LG유플러스 | 032640 | 243 | 2024-12-26 ~ 2025-12-26 | 0.1625 |
| 강원랜드 | 035250 | 243 | 2024-12-26 ~ 2025-12-26 | 0.2576 |
| 동아쏘시오홀딩스 | 000640 | 243 | 2024-12-26 ~ 2025-12-26 | 0.2210 |
| 삼성물산 | 028260 | 243 | 2024-12-26 ~ 2025-12-26 | 1.0603 |
| 세아베스틸지주 | 001430 | 243 | 2024-12-26 ~ 2025-12-26 | 0.6627 |
| 아모레퍼시픽홀딩스 | 002790 | 243 | 2024-12-26 ~ 2025-12-26 | 0.6254 |
| 영원무역홀딩스 | 009970 | 243 | 2024-12-26 ~ 2025-12-26 | 0.6208 |
| 오리온홀딩스 | 001800 | 243 | 2024-12-26 ~ 2025-12-26 | 0.5820 |
| 현대지에프홀딩스 | 005440 | 243 | 2024-12-26 ~ 2025-12-26 | 0.7333 |

## EWMA Vol (1Y, λ=0.94, Daily)
- 기준일: **2025-12-26**, 윈도우: **2024-12-26 ~ 2025-12-26**
- 결과는 **일간 표준편차(σ)**이며 **연간화하지 않음**

| name | code | n | period | ewma_sigma_daily |
|---|---:|---:|---|---:|
| KT | 030200 | 243 | 2024-12-26 ~ 2025-12-26 | 0.013982 |
| LG디스플레이 | 034220 | 243 | 2024-12-26 ~ 2025-12-26 | 0.020576 |
| LG유플러스 | 032640 | 243 | 2024-12-26 ~ 2025-12-26 | 0.015179 |
| 강원랜드 | 035250 | 243 | 2024-12-26 ~ 2025-12-26 | 0.010659 |
| 동아쏘시오홀딩스 | 000640 | 243 | 2024-12-26 ~ 2025-12-26 | 0.015628 |
| 삼성물산 | 028260 | 243 | 2024-12-26 ~ 2025-12-26 | 0.026292 |
| 세아베스틸지주 | 001430 | 243 | 2024-12-26 ~ 2025-12-26 | 0.084433 |
| 아모레퍼시픽홀딩스 | 002790 | 243 | 2024-12-26 ~ 2025-12-26 | 0.020324 |
| 영원무역홀딩스 | 009970 | 243 | 2024-12-26 ~ 2025-12-26 | 0.034674 |
| 오리온홀딩스 | 001800 | 243 | 2024-12-26 ~ 2025-12-26 | 0.015280 |
| 현대지에프홀딩스 | 005440 | 243 | 2024-12-26 ~ 2025-12-26 | 0.021885 |
## 종목 간 상관관계 (1년)

- 기준일: 2025-12-26  | 기간: 2024-12-26 ~ 2025-12-26


| name | 동아쏘시오홀딩스 | 세아베스틸지주 | 오리온홀딩스 | 아모레퍼시픽홀딩스 | 현대지에프홀딩스 | 영원무역홀딩스 | 삼성물산 | KT | LG유플러스 | 강원랜드 | LG디스플레이 |
|---|---:|---:|---:|---:|---:|---:|---:|---:|---:|---:|---:|
| 동아쏘시오홀딩스 | 1.0000 | 0.0979 | 0.3168 | 0.1747 | 0.3363 | 0.2166 | 0.1740 | 0.0489 | 0.1153 | 0.1469 | 0.2070 |
| 세아베스틸지주 | 0.0979 | 1.0000 | 0.1594 | 0.1681 | 0.1684 | 0.1131 | 0.0638 | 0.0417 | 0.0519 | 0.1334 | 0.0493 |
| 오리온홀딩스 | 0.3168 | 0.1594 | 1.0000 | 0.3839 | 0.5703 | 0.3590 | 0.3166 | 0.2026 | 0.2370 | 0.2248 | 0.1486 |
| 아모레퍼시픽홀딩스 | 0.1747 | 0.1681 | 0.3839 | 1.0000 | 0.3191 | 0.1989 | 0.3592 | 0.2206 | 0.1530 | 0.2673 | 0.1858 |
| 현대지에프홀딩스 | 0.3363 | 0.1684 | 0.5703 | 0.3191 | 1.0000 | 0.4304 | 0.3862 | 0.2057 | 0.2082 | 0.3116 | 0.1740 |
| 영원무역홀딩스 | 0.2166 | 0.1131 | 0.3590 | 0.1989 | 0.4304 | 1.0000 | 0.2669 | 0.2346 | 0.1812 | 0.1507 | 0.1458 |
| 삼성물산 | 0.1740 | 0.0638 | 0.3166 | 0.3592 | 0.3862 | 0.2669 | 1.0000 | 0.2019 | 0.1218 | 0.1356 | 0.2603 |
| KT | 0.0489 | 0.0417 | 0.2026 | 0.2206 | 0.2057 | 0.2346 | 0.2019 | 1.0000 | 0.2801 | 0.1737 | 0.0824 |
| LG유플러스 | 0.1153 | 0.0519 | 0.2370 | 0.1530 | 0.2082 | 0.1812 | 0.1218 | 0.2801 | 1.0000 | 0.1929 | 0.1598 |
| 강원랜드 | 0.1469 | 0.1334 | 0.2248 | 0.2673 | 0.3116 | 0.1507 | 0.1356 | 0.1737 | 0.1929 | 1.0000 | 0.2528 |
| LG디스플레이 | 0.2070 | 0.0493 | 0.1486 | 0.1858 | 0.1740 | 0.1458 | 0.2603 | 0.0824 | 0.1598 | 0.2528 | 1.0000 |

## 포트폴리오 VaR (10-day, 99%) — 2025-12-26

- Total portfolio value (used): 13,051,900 KRW
- z-score: 2.33
- Portfolio σ (money, 10d): 720,413 KRW
- **Portfolio VaR (10d, 99%)**: **1,678,561 KRW**
- VaR / Portfolio value: **12.86%** → ✅ 15% 이하

## Top 10 Component VaR

| Rank | Name | Position (KRW) | σ10d | cVaR (KRW) | cVaR/Port | cVaR/Pos | Note |
|---:|---|---:|---:|---:|---:|---:|---|
| 1 | 세아베스틸지주 | 1,577,600 | 0.3017 | 850,988 | 50.70% | 53.94% |  |
| 2 | 영원무역홀딩스 | 3,059,200 | 0.0961 | 436,145 | 25.98% | 14.26% |  |
| 3 | 삼성물산 | 1,443,000 | 0.0742 | 103,703 | 6.18% | 7.19% |  |
| 4 | 현대지에프홀딩스 | 755,100 | 0.0714 | 67,574 | 4.03% | 8.95% |  |
| 5 | 동아쏘시오홀딩스 | 1,102,000 | 0.0506 | 43,787 | 2.61% | 3.97% |  |
| 6 | 오리온홀딩스 | 739,800 | 0.0474 | 39,011 | 2.32% | 5.27% |  |
| 7 | LG디스플레이 | 988,680 | 0.0543 | 34,575 | 2.06% | 3.50% |  |
| 8 | 강원랜드 | 1,112,400 | 0.0370 | 30,755 | 1.83% | 2.76% |  |
| 9 | 아모레퍼시픽홀딩스 | 486,000 | 0.0642 | 28,521 | 1.70% | 5.87% |  |
| 10 | LG유플러스 | 933,720 | 0.0426 | 24,038 | 1.43% | 2.57% |  |

- Σ cVaR (all names) = 1,678,561 KRW
