# 포트폴리오 보고서 (기준일: 2026-01-15)

## 요약
- 포트폴리오 **누적 수익률**: **22.19%**  (V₀=11,045,878, Vₜ=13,790,740)
- 포트폴리오 **일일 수익률**: **-0.71%**  (공통 거래일: 2026-01-14 → 2026-01-15)
- KOSPI **일일 수익률**: **1.23%**  (비교 기준일: 2025-09-16)
- **초과수익률(일일)**: **-1.94%**

## 개별 종목 현황 (오늘 기준)

| name | code | shares | buy_price | last_date | close_last | r_i_cum | r_i_daily |
|---|---:|---:|---:|---|---:|---:|---:|
| KT | 030200 | 16 | 52,901 | 2026-01-15 | 53,300 | 0.75% | 0.56% |
| LG디스플레이 | 034220 | 84 | 11,940 | 2026-01-15 | 12,240 | 2.48% | 1.56% |
| LG유플러스 | 032640 | 62 | 14,955 | 2026-01-15 | 15,240 | 1.89% | 1.65% |
| 강원랜드 | 035250 | 60 | 18,291 | 2026-01-15 | 17,990 | -1.66% | 0.00% |
| 동아쏘시오홀딩스 | 000640 | 10 | 109,982 | 2026-01-15 | 103,200 | -6.36% | -2.58% |
| 삼성물산 | 028260 | 6 | 173,255 | 2026-01-15 | 286,000 | 50.12% | 0.88% |
| 세아베스틸지주 | 001430 | 32 | 27,976 | 2026-01-15 | 67,200 | 87.63% | -1.04% |
| 아모레퍼시픽홀딩스 | 002790 | 18 | 27,825 | 2026-01-15 | 26,000 | -6.78% | -1.34% |
| 영원무역홀딩스 | 009970 | 16 | 133,954 | 2026-01-15 | 188,900 | 34.37% | -3.02% |
| 오리온홀딩스 | 001800 | 36 | 21,026 | 2026-01-15 | 20,400 | -3.02% | 0.25% |
| 현대지에프홀딩스 | 005440 | 90 | 8,180 | 2026-01-15 | 8,470 | 3.48% | -0.35% |

## Beta (1Y, 일간 로그수익률)
- 기준일: **2026-01-15**, 윈도우: **2025-01-15 ~ 2026-01-15**

### 포트폴리오 Beta
- 관측치 수: **163**  (공통 거래일 기준)
- 기간: **2025-01-16 ~ 2025-09-16**
- **Beta (직접법)**: **0.6593**

### 개별 종목 Beta
| name | code | n | period | beta |
|---|---:|---:|---|---:|
| KT | 030200 | 164 | 2025-01-15 ~ 2025-09-16 | 0.2801 |
| LG디스플레이 | 034220 | 164 | 2025-01-15 ~ 2025-09-16 | 1.2788 |
| LG유플러스 | 032640 | 164 | 2025-01-15 ~ 2025-09-16 | 0.2129 |
| 강원랜드 | 035250 | 164 | 2025-01-15 ~ 2025-09-16 | 0.3835 |
| 동아쏘시오홀딩스 | 000640 | 164 | 2025-01-15 ~ 2025-09-16 | 0.2684 |
| 삼성물산 | 028260 | 164 | 2025-01-15 ~ 2025-09-16 | 1.0085 |
| 세아베스틸지주 | 001430 | 164 | 2025-01-15 ~ 2025-09-16 | 0.6911 |
| 아모레퍼시픽홀딩스 | 002790 | 164 | 2025-01-15 ~ 2025-09-16 | 0.8561 |
| 영원무역홀딩스 | 009970 | 164 | 2025-01-15 ~ 2025-09-16 | 0.8030 |
| 오리온홀딩스 | 001800 | 164 | 2025-01-15 ~ 2025-09-16 | 0.7797 |
| 현대지에프홀딩스 | 005440 | 164 | 2025-01-15 ~ 2025-09-16 | 0.8649 |

## EWMA Vol (1Y, λ=0.94, Daily)
- 기준일: **2026-01-15**, 윈도우: **2025-01-15 ~ 2026-01-15**
- 결과는 **일간 표준편차(σ)**이며 **연간화하지 않음**

| name | code | n | period | ewma_sigma_daily |
|---|---:|---:|---|---:|
| KT | 030200 | 243 | 2025-01-15 ~ 2026-01-15 | 0.013843 |
| LG디스플레이 | 034220 | 243 | 2025-01-15 ~ 2026-01-15 | 0.019992 |
| LG유플러스 | 032640 | 243 | 2025-01-15 ~ 2026-01-15 | 0.015248 |
| 강원랜드 | 035250 | 243 | 2025-01-15 ~ 2026-01-15 | 0.011147 |
| 동아쏘시오홀딩스 | 000640 | 243 | 2025-01-15 ~ 2026-01-15 | 0.013605 |
| 삼성물산 | 028260 | 243 | 2025-01-15 ~ 2026-01-15 | 0.023675 |
| 세아베스틸지주 | 001430 | 243 | 2025-01-15 ~ 2026-01-15 | 0.068229 |
| 아모레퍼시픽홀딩스 | 002790 | 243 | 2025-01-15 ~ 2026-01-15 | 0.024290 |
| 영원무역홀딩스 | 009970 | 243 | 2025-01-15 ~ 2026-01-15 | 0.028451 |
| 오리온홀딩스 | 001800 | 243 | 2025-01-15 ~ 2026-01-15 | 0.014623 |
| 현대지에프홀딩스 | 005440 | 243 | 2025-01-15 ~ 2026-01-15 | 0.023499 |
## 종목 간 상관관계 (1년)

- 기준일: 2026-01-15  | 기간: 2025-01-15 ~ 2026-01-15


| name | 동아쏘시오홀딩스 | 세아베스틸지주 | 오리온홀딩스 | 아모레퍼시픽홀딩스 | 현대지에프홀딩스 | 영원무역홀딩스 | 삼성물산 | KT | LG유플러스 | 강원랜드 | LG디스플레이 |
|---|---:|---:|---:|---:|---:|---:|---:|---:|---:|---:|---:|
| 동아쏘시오홀딩스 | 1.0000 | 0.0863 | 0.3300 | 0.1639 | 0.3538 | 0.2328 | 0.1659 | 0.0662 | 0.1273 | 0.1765 | 0.2022 |
| 세아베스틸지주 | 0.0863 | 1.0000 | 0.1278 | 0.1997 | 0.1354 | 0.0739 | 0.0596 | 0.0062 | 0.0281 | 0.0937 | 0.0379 |
| 오리온홀딩스 | 0.3300 | 0.1278 | 1.0000 | 0.3551 | 0.5790 | 0.3707 | 0.3063 | 0.2103 | 0.2422 | 0.2246 | 0.1415 |
| 아모레퍼시픽홀딩스 | 0.1639 | 0.1997 | 0.3551 | 1.0000 | 0.3019 | 0.1732 | 0.3210 | 0.1754 | 0.1221 | 0.2184 | 0.1500 |
| 현대지에프홀딩스 | 0.3538 | 0.1354 | 0.5790 | 0.3019 | 1.0000 | 0.4417 | 0.3808 | 0.2155 | 0.2020 | 0.3160 | 0.1663 |
| 영원무역홀딩스 | 0.2328 | 0.0739 | 0.3707 | 0.1732 | 0.4417 | 1.0000 | 0.2655 | 0.2388 | 0.1805 | 0.1754 | 0.1371 |
| 삼성물산 | 0.1659 | 0.0596 | 0.3063 | 0.3210 | 0.3808 | 0.2655 | 1.0000 | 0.1981 | 0.1167 | 0.1139 | 0.2541 |
| KT | 0.0662 | 0.0062 | 0.2103 | 0.1754 | 0.2155 | 0.2388 | 0.1981 | 1.0000 | 0.2898 | 0.1947 | 0.0855 |
| LG유플러스 | 0.1273 | 0.0281 | 0.2422 | 0.1221 | 0.2020 | 0.1805 | 0.1167 | 0.2898 | 1.0000 | 0.1977 | 0.1605 |
| 강원랜드 | 0.1765 | 0.0937 | 0.2246 | 0.2184 | 0.3160 | 0.1754 | 0.1139 | 0.1947 | 0.1977 | 1.0000 | 0.2434 |
| LG디스플레이 | 0.2022 | 0.0379 | 0.1415 | 0.1500 | 0.1663 | 0.1371 | 0.2541 | 0.0855 | 0.1605 | 0.2434 | 1.0000 |

## 포트폴리오 VaR (10-day, 99%) — 2026-01-15

- Total portfolio value (used): 13,790,740 KRW
- z-score: 2.33
- Portfolio σ (money, 10d): 723,518 KRW
- **Portfolio VaR (10d, 99%)**: **1,685,798 KRW**
- VaR / Portfolio value: **12.22%** → ✅ 15% 이하

## Top 10 Component VaR

| Rank | Name | Position (KRW) | σ10d | cVaR (KRW) | cVaR/Port | cVaR/Pos | Note |
|---:|---|---:|---:|---:|---:|---:|---|
| 1 | 세아베스틸지주 | 2,150,400 | 0.2480 | 1,009,920 | 59.91% | 46.96% |  |
| 2 | 영원무역홀딩스 | 3,022,400 | 0.0780 | 296,531 | 17.59% | 9.81% |  |
| 3 | 삼성물산 | 1,716,000 | 0.0689 | 111,705 | 6.63% | 6.51% |  |
| 4 | 현대지에프홀딩스 | 762,300 | 0.0763 | 67,929 | 4.03% | 8.91% |  |
| 5 | 오리온홀딩스 | 734,400 | 0.0455 | 34,373 | 2.04% | 4.68% |  |
| 6 | 동아쏘시오홀딩스 | 1,032,000 | 0.0443 | 33,682 | 2.00% | 3.26% |  |
| 7 | 아모레퍼시픽홀딩스 | 468,000 | 0.0756 | 32,469 | 1.93% | 6.94% |  |
| 8 | LG디스플레이 | 1,028,160 | 0.0520 | 31,766 | 1.88% | 3.09% |  |
| 9 | 강원랜드 | 1,079,400 | 0.0387 | 28,995 | 1.72% | 2.69% |  |
| 10 | LG유플러스 | 944,880 | 0.0426 | 21,729 | 1.29% | 2.30% |  |

- Σ cVaR (all names) = 1,685,798 KRW
