# 포트폴리오 보고서 (기준일: 2025-12-17)

## 요약
- 포트폴리오 **누적 수익률**: **18.31%**  (V₀=11,045,878, Vₜ=13,265,380)
- 포트폴리오 **일일 수익률**: **0.61%**  (공통 거래일: 2025-12-16 → 2025-12-17)
- KOSPI **일일 수익률**: **1.42%**  (비교 기준일: 2025-12-17)
- **초과수익률(일일)**: **-0.81%**

## 개별 종목 현황 (오늘 기준)

| name | code | shares | buy_price | last_date | close_last | r_i_cum | r_i_daily |
|---|---:|---:|---:|---|---:|---:|---:|
| KT | 030200 | 16 | 52,901 | 2025-12-17 | 53,900 | 1.87% | -0.56% |
| LG디스플레이 | 034220 | 84 | 11,940 | 2025-12-17 | 12,160 | 1.83% | 0.91% |
| LG유플러스 | 032640 | 62 | 14,955 | 2025-12-17 | 15,320 | 2.41% | 0.59% |
| 강원랜드 | 035250 | 60 | 18,291 | 2025-12-17 | 18,490 | 1.08% | 0.54% |
| 동아쏘시오홀딩스 | 000640 | 10 | 109,982 | 2025-12-17 | 121,000 | 9.55% | -1.15% |
| 삼성물산 | 028260 | 6 | 173,255 | 2025-12-17 | 243,000 | 33.83% | 0.00% |
| 세아베스틸지주 | 001430 | 32 | 27,976 | 2025-12-17 | 42,850 | 42.64% | -0.70% |
| 아모레퍼시픽홀딩스 | 002790 | 18 | 27,825 | 2025-12-17 | 27,400 | -1.54% | 0.00% |
| 영원무역홀딩스 | 009970 | 16 | 133,954 | 2025-12-17 | 202,000 | 41.08% | 2.51% |
| 오리온홀딩스 | 001800 | 36 | 21,026 | 2025-12-17 | 21,400 | 1.76% | 0.70% |
| 현대지에프홀딩스 | 005440 | 90 | 8,180 | 2025-12-17 | 8,750 | 6.74% | 0.34% |

## Beta (1Y, 일간 로그수익률)
- 기준일: **2025-12-17**, 윈도우: **2024-12-17 ~ 2025-12-17**

### 포트폴리오 Beta
- 관측치 수: **242**  (공통 거래일 기준)
- 기간: **2024-12-18 ~ 2025-12-17**
- **Beta (직접법)**: **0.5644**

### 개별 종목 Beta
| name | code | n | period | beta |
|---|---:|---:|---|---:|
| KT | 030200 | 243 | 2024-12-17 ~ 2025-12-17 | 0.2453 |
| LG디스플레이 | 034220 | 243 | 2024-12-17 ~ 2025-12-17 | 1.1109 |
| LG유플러스 | 032640 | 243 | 2024-12-17 ~ 2025-12-17 | 0.1662 |
| 강원랜드 | 035250 | 243 | 2024-12-17 ~ 2025-12-17 | 0.2717 |
| 동아쏘시오홀딩스 | 000640 | 243 | 2024-12-17 ~ 2025-12-17 | 0.1797 |
| 삼성물산 | 028260 | 243 | 2024-12-17 ~ 2025-12-17 | 1.0713 |
| 세아베스틸지주 | 001430 | 243 | 2024-12-17 ~ 2025-12-17 | 0.6258 |
| 아모레퍼시픽홀딩스 | 002790 | 243 | 2024-12-17 ~ 2025-12-17 | 0.6369 |
| 영원무역홀딩스 | 009970 | 243 | 2024-12-17 ~ 2025-12-17 | 0.5758 |
| 오리온홀딩스 | 001800 | 243 | 2024-12-17 ~ 2025-12-17 | 0.5900 |
| 현대지에프홀딩스 | 005440 | 243 | 2024-12-17 ~ 2025-12-17 | 0.7347 |

## EWMA Vol (1Y, λ=0.94, Daily)
- 기준일: **2025-12-17**, 윈도우: **2024-12-17 ~ 2025-12-17**
- 결과는 **일간 표준편차(σ)**이며 **연간화하지 않음**

| name | code | n | period | ewma_sigma_daily |
|---|---:|---:|---|---:|
| KT | 030200 | 243 | 2024-12-17 ~ 2025-12-17 | 0.015332 |
| LG디스플레이 | 034220 | 243 | 2024-12-17 ~ 2025-12-17 | 0.022089 |
| LG유플러스 | 032640 | 243 | 2024-12-17 ~ 2025-12-17 | 0.015156 |
| 강원랜드 | 035250 | 243 | 2024-12-17 ~ 2025-12-17 | 0.011170 |
| 동아쏘시오홀딩스 | 000640 | 243 | 2024-12-17 ~ 2025-12-17 | 0.014617 |
| 삼성물산 | 028260 | 243 | 2024-12-17 ~ 2025-12-17 | 0.028986 |
| 세아베스틸지주 | 001430 | 243 | 2024-12-17 ~ 2025-12-17 | 0.079609 |
| 아모레퍼시픽홀딩스 | 002790 | 243 | 2024-12-17 ~ 2025-12-17 | 0.021507 |
| 영원무역홀딩스 | 009970 | 243 | 2024-12-17 ~ 2025-12-17 | 0.033381 |
| 오리온홀딩스 | 001800 | 243 | 2024-12-17 ~ 2025-12-17 | 0.017149 |
| 현대지에프홀딩스 | 005440 | 243 | 2024-12-17 ~ 2025-12-17 | 0.025078 |
## 종목 간 상관관계 (1년)

- 기준일: 2025-12-17  | 기간: 2024-12-17 ~ 2025-12-17


| name | 동아쏘시오홀딩스 | 세아베스틸지주 | 오리온홀딩스 | 아모레퍼시픽홀딩스 | 현대지에프홀딩스 | 영원무역홀딩스 | 삼성물산 | KT | LG유플러스 | 강원랜드 | LG디스플레이 |
|---|---:|---:|---:|---:|---:|---:|---:|---:|---:|---:|---:|
| 동아쏘시오홀딩스 | 1.0000 | 0.1112 | 0.2956 | 0.1533 | 0.2998 | 0.2188 | 0.1611 | 0.0110 | 0.0824 | 0.1127 | 0.1719 |
| 세아베스틸지주 | 0.1112 | 1.0000 | 0.1716 | 0.1903 | 0.1863 | 0.0703 | 0.0825 | 0.0729 | 0.0646 | 0.1463 | 0.0862 |
| 오리온홀딩스 | 0.2956 | 0.1716 | 1.0000 | 0.3824 | 0.5705 | 0.3539 | 0.3172 | 0.2029 | 0.2365 | 0.2306 | 0.1506 |
| 아모레퍼시픽홀딩스 | 0.1533 | 0.1903 | 0.3824 | 1.0000 | 0.3250 | 0.1898 | 0.3578 | 0.2208 | 0.1507 | 0.2678 | 0.1880 |
| 현대지에프홀딩스 | 0.2998 | 0.1863 | 0.5705 | 0.3250 | 1.0000 | 0.4322 | 0.3937 | 0.2165 | 0.2019 | 0.3129 | 0.1813 |
| 영원무역홀딩스 | 0.2188 | 0.0703 | 0.3539 | 0.1898 | 0.4322 | 1.0000 | 0.2590 | 0.2323 | 0.1738 | 0.1364 | 0.1472 |
| 삼성물산 | 0.1611 | 0.0825 | 0.3172 | 0.3578 | 0.3937 | 0.2590 | 1.0000 | 0.1990 | 0.1266 | 0.1456 | 0.2649 |
| KT | 0.0110 | 0.0729 | 0.2029 | 0.2208 | 0.2165 | 0.2323 | 0.1990 | 1.0000 | 0.2879 | 0.1887 | 0.0926 |
| LG유플러스 | 0.0824 | 0.0646 | 0.2365 | 0.1507 | 0.2019 | 0.1738 | 0.1266 | 0.2879 | 1.0000 | 0.1881 | 0.1575 |
| 강원랜드 | 0.1127 | 0.1463 | 0.2306 | 0.2678 | 0.3129 | 0.1364 | 0.1456 | 0.1887 | 0.1881 | 1.0000 | 0.2599 |
| LG디스플레이 | 0.1719 | 0.0862 | 0.1506 | 0.1880 | 0.1813 | 0.1472 | 0.2649 | 0.0926 | 0.1575 | 0.2599 | 1.0000 |

## 포트폴리오 VaR (10-day, 99%) — 2025-12-17

- Total portfolio value (used): 13,265,380 KRW
- z-score: 2.33
- Portfolio σ (money, 10d): 690,028 KRW
- **Portfolio VaR (10d, 99%)**: **1,607,765 KRW**
- VaR / Portfolio value: **12.12%** → ✅ 15% 이하

## Top 10 Component VaR

| Rank | Name | Position (KRW) | σ10d | cVaR (KRW) | cVaR/Port | cVaR/Pos | Note |
|---:|---|---:|---:|---:|---:|---:|---|
| 1 | 세아베스틸지주 | 1,371,200 | 0.2987 | 675,750 | 42.03% | 49.28% |  |
| 2 | 영원무역홀딩스 | 3,232,000 | 0.0928 | 455,522 | 28.33% | 14.09% |  |
| 3 | 삼성물산 | 1,458,000 | 0.0816 | 129,885 | 8.08% | 8.91% |  |
| 4 | 현대지에프홀딩스 | 787,500 | 0.0816 | 88,442 | 5.50% | 11.23% |  |
| 5 | 오리온홀딩스 | 770,400 | 0.0532 | 49,353 | 3.07% | 6.41% |  |
| 6 | 동아쏘시오홀딩스 | 1,210,000 | 0.0455 | 44,713 | 2.78% | 3.70% |  |
| 7 | LG디스플레이 | 1,021,440 | 0.0571 | 44,076 | 2.74% | 4.32% |  |
| 8 | 강원랜드 | 1,109,400 | 0.0388 | 34,220 | 2.13% | 3.08% |  |
| 9 | 아모레퍼시픽홀딩스 | 493,200 | 0.0686 | 33,450 | 2.08% | 6.78% |  |
| 10 | LG유플러스 | 949,840 | 0.0436 | 27,239 | 1.69% | 2.87% |  |

- Σ cVaR (all names) = 1,607,765 KRW
