# 포트폴리오 보고서 (기준일: 2025-11-27)

## 요약
- 포트폴리오 **누적 수익률**: **9.22%**  (V₀=11,045,878, Vₜ=12,113,200)
- 포트폴리오 **일일 수익률**: **-0.25%**  (공통 거래일: 2025-11-26 → 2025-11-27)
- KOSPI **일일 수익률**: **0.66%**  (비교 기준일: 2025-11-27)
- **초과수익률(일일)**: **-0.91%**

## 개별 종목 현황 (오늘 기준)

| name | code | shares | buy_price | last_date | close_last | r_i_cum | r_i_daily |
|---|---:|---:|---:|---|---:|---:|---:|
| KT | 030200 | 16 | 52,901 | 2025-11-27 | 50,400 | -4.84% | 0.40% |
| LG디스플레이 | 034220 | 84 | 11,940 | 2025-11-27 | 12,700 | 6.17% | 0.63% |
| LG유플러스 | 032640 | 62 | 14,955 | 2025-11-27 | 15,230 | 1.82% | -0.39% |
| 강원랜드 | 035250 | 60 | 18,291 | 2025-11-27 | 17,860 | -2.38% | -0.06% |
| 동아쏘시오홀딩스 | 000640 | 10 | 109,982 | 2025-11-27 | 112,700 | 2.44% | -0.44% |
| 삼성물산 | 028260 | 6 | 173,255 | 2025-11-27 | 231,500 | 28.98% | -1.93% |
| 세아베스틸지주 | 001430 | 32 | 27,976 | 2025-11-27 | 27,750 | -0.81% | 1.09% |
| 아모레퍼시픽홀딩스 | 002790 | 18 | 27,825 | 2025-11-27 | 28,450 | 2.22% | -1.22% |
| 영원무역홀딩스 | 009970 | 16 | 133,954 | 2025-11-27 | 179,500 | 29.27% | 0.06% |
| 오리온홀딩스 | 001800 | 36 | 21,026 | 2025-11-27 | 19,890 | -5.55% | 0.20% |
| 현대지에프홀딩스 | 005440 | 90 | 8,180 | 2025-11-27 | 8,000 | -2.23% | -1.49% |

## Beta (1Y, 일간 로그수익률)
- 기준일: **2025-11-27**, 윈도우: **2024-11-27 ~ 2025-11-27**

### 포트폴리오 Beta
- 관측치 수: **242**  (공통 거래일 기준)
- 기간: **2024-11-28 ~ 2025-11-27**
- **Beta (직접법)**: **0.5834**

### 개별 종목 Beta
| name | code | n | period | beta |
|---|---:|---:|---|---:|
| KT | 030200 | 243 | 2024-11-27 ~ 2025-11-27 | 0.2623 |
| LG디스플레이 | 034220 | 243 | 2024-11-27 ~ 2025-11-27 | 1.1537 |
| LG유플러스 | 032640 | 243 | 2024-11-27 ~ 2025-11-27 | 0.1980 |
| 강원랜드 | 035250 | 243 | 2024-11-27 ~ 2025-11-27 | 0.3521 |
| 동아쏘시오홀딩스 | 000640 | 243 | 2024-11-27 ~ 2025-11-27 | 0.2454 |
| 삼성물산 | 028260 | 243 | 2024-11-27 ~ 2025-11-27 | 1.0691 |
| 세아베스틸지주 | 001430 | 243 | 2024-11-27 ~ 2025-11-27 | 0.5763 |
| 아모레퍼시픽홀딩스 | 002790 | 243 | 2024-11-27 ~ 2025-11-27 | 0.7210 |
| 영원무역홀딩스 | 009970 | 243 | 2024-11-27 ~ 2025-11-27 | 0.5394 |
| 오리온홀딩스 | 001800 | 243 | 2024-11-27 ~ 2025-11-27 | 0.6410 |
| 현대지에프홀딩스 | 005440 | 243 | 2024-11-27 ~ 2025-11-27 | 0.8010 |

## EWMA Vol (1Y, λ=0.94, Daily)
- 기준일: **2025-11-27**, 윈도우: **2024-11-27 ~ 2025-11-27**
- 결과는 **일간 표준편차(σ)**이며 **연간화하지 않음**

| name | code | n | period | ewma_sigma_daily |
|---|---:|---:|---|---:|
| KT | 030200 | 243 | 2024-11-27 ~ 2025-11-27 | 0.011010 |
| LG디스플레이 | 034220 | 243 | 2024-11-27 ~ 2025-11-27 | 0.027707 |
| LG유플러스 | 032640 | 243 | 2024-11-27 ~ 2025-11-27 | 0.021541 |
| 강원랜드 | 035250 | 243 | 2024-11-27 ~ 2025-11-27 | 0.011920 |
| 동아쏘시오홀딩스 | 000640 | 243 | 2024-11-27 ~ 2025-11-27 | 0.017605 |
| 삼성물산 | 028260 | 243 | 2024-11-27 ~ 2025-11-27 | 0.030429 |
| 세아베스틸지주 | 001430 | 243 | 2024-11-27 ~ 2025-11-27 | 0.027051 |
| 아모레퍼시픽홀딩스 | 002790 | 243 | 2024-11-27 ~ 2025-11-27 | 0.029587 |
| 영원무역홀딩스 | 009970 | 243 | 2024-11-27 ~ 2025-11-27 | 0.031596 |
| 오리온홀딩스 | 001800 | 243 | 2024-11-27 ~ 2025-11-27 | 0.018316 |
| 현대지에프홀딩스 | 005440 | 243 | 2024-11-27 ~ 2025-11-27 | 0.029844 |
## 종목 간 상관관계 (1년)

- 기준일: 2025-11-27  | 기간: 2024-11-27 ~ 2025-11-27


| name | 동아쏘시오홀딩스 | 세아베스틸지주 | 오리온홀딩스 | 아모레퍼시픽홀딩스 | 현대지에프홀딩스 | 영원무역홀딩스 | 삼성물산 | KT | LG유플러스 | 강원랜드 | LG디스플레이 |
|---|---:|---:|---:|---:|---:|---:|---:|---:|---:|---:|---:|
| 동아쏘시오홀딩스 | 1.0000 | 0.1892 | 0.3159 | 0.1985 | 0.3303 | 0.2445 | 0.1856 | 0.0398 | 0.1215 | 0.1698 | 0.2006 |
| 세아베스틸지주 | 0.1892 | 1.0000 | 0.2275 | 0.2868 | 0.2658 | 0.1737 | 0.0957 | 0.1037 | 0.1146 | 0.3057 | 0.1449 |
| 오리온홀딩스 | 0.3159 | 0.2275 | 1.0000 | 0.3964 | 0.5617 | 0.3881 | 0.3329 | 0.1833 | 0.2491 | 0.2619 | 0.1762 |
| 아모레퍼시픽홀딩스 | 0.1985 | 0.2868 | 0.3964 | 1.0000 | 0.3263 | 0.2207 | 0.3665 | 0.2143 | 0.1717 | 0.3026 | 0.2238 |
| 현대지에프홀딩스 | 0.3303 | 0.2658 | 0.5617 | 0.3263 | 1.0000 | 0.4434 | 0.4052 | 0.2434 | 0.2116 | 0.3350 | 0.1993 |
| 영원무역홀딩스 | 0.2445 | 0.1737 | 0.3881 | 0.2207 | 0.4434 | 1.0000 | 0.2613 | 0.2619 | 0.1894 | 0.1829 | 0.1556 |
| 삼성물산 | 0.1856 | 0.0957 | 0.3329 | 0.3665 | 0.4052 | 0.2613 | 1.0000 | 0.1789 | 0.1451 | 0.1874 | 0.2864 |
| KT | 0.0398 | 0.1037 | 0.1833 | 0.2143 | 0.2434 | 0.2619 | 0.1789 | 1.0000 | 0.3125 | 0.1972 | 0.0762 |
| LG유플러스 | 0.1215 | 0.1146 | 0.2491 | 0.1717 | 0.2116 | 0.1894 | 0.1451 | 0.3125 | 1.0000 | 0.2215 | 0.1743 |
| 강원랜드 | 0.1698 | 0.3057 | 0.2619 | 0.3026 | 0.3350 | 0.1829 | 0.1874 | 0.1972 | 0.2215 | 1.0000 | 0.2963 |
| LG디스플레이 | 0.2006 | 0.1449 | 0.1762 | 0.2238 | 0.1993 | 0.1556 | 0.2864 | 0.0762 | 0.1743 | 0.2963 | 1.0000 |

## 포트폴리오 VaR (10-day, 99%) — 2025-11-27

- Total portfolio value (used): 12,113,200 KRW
- z-score: 2.33
- Portfolio σ (money, 10d): 524,612 KRW
- **Portfolio VaR (10d, 99%)**: **1,222,347 KRW**
- VaR / Portfolio value: **10.09%** → ✅ 15% 이하

## Top 10 Component VaR

| Rank | Name | Position (KRW) | σ10d | cVaR (KRW) | cVaR/Port | cVaR/Pos | Note |
|---:|---|---:|---:|---:|---:|---:|---|
| 1 | 영원무역홀딩스 | 2,872,000 | 0.0906 | 480,220 | 39.29% | 16.72% |  |
| 2 | 삼성물산 | 1,389,000 | 0.0881 | 169,030 | 13.83% | 12.17% |  |
| 3 | 현대지에프홀딩스 | 720,000 | 0.0960 | 111,289 | 9.10% | 15.46% |  |
| 4 | 세아베스틸지주 | 888,000 | 0.0985 | 89,188 | 7.30% | 10.04% |  |
| 5 | LG디스플레이 | 1,066,800 | 0.0713 | 78,353 | 6.41% | 7.34% |  |
| 6 | 동아쏘시오홀딩스 | 1,127,000 | 0.0519 | 61,531 | 5.03% | 5.46% |  |
| 7 | 오리온홀딩스 | 716,040 | 0.0572 | 58,499 | 4.79% | 8.17% |  |
| 8 | 아모레퍼시픽홀딩스 | 512,100 | 0.0917 | 56,250 | 4.60% | 10.98% |  |
| 9 | LG유플러스 | 944,260 | 0.0622 | 53,710 | 4.39% | 5.69% |  |
| 10 | 강원랜드 | 1,071,600 | 0.0392 | 44,305 | 3.62% | 4.13% |  |

- Σ cVaR (all names) = 1,222,347 KRW
