# 포트폴리오 보고서 (기준일: 2025-10-16)

## 요약
- 포트폴리오 **누적 수익률**: **1.89%**  (V₀=11,045,878, Vₜ=11,256,680)
- 포트폴리오 **일일 수익률**: **0.42%**  (공통 거래일: 2025-10-15 → 2025-10-16)
- KOSPI **일일 수익률**: **2.46%**  (비교 기준일: 2025-10-16)
- **초과수익률(일일)**: **-2.04%**

## 개별 종목 현황 (오늘 기준)

| name | code | shares | buy_price | last_date | close_last | r_i_cum | r_i_daily |
|---|---:|---:|---:|---|---:|---:|---:|
| KT | 030200 | 16 | 52,901 | 2025-10-16 | 50,000 | -5.64% | 1.31% |
| LG디스플레이 | 034220 | 84 | 11,940 | 2025-10-16 | 14,380 | 18.59% | -0.76% |
| LG유플러스 | 032640 | 62 | 14,955 | 2025-10-16 | 15,210 | 1.69% | 0.26% |
| 강원랜드 | 035250 | 60 | 18,291 | 2025-10-16 | 17,740 | -3.06% | 0.57% |
| 동아쏘시오홀딩스 | 000640 | 10 | 109,982 | 2025-10-16 | 107,500 | -2.28% | 0.00% |
| 삼성물산 | 028260 | 6 | 173,255 | 2025-10-16 | 217,000 | 22.51% | 5.20% |
| 세아베스틸지주 | 001430 | 32 | 27,976 | 2025-10-16 | 25,500 | -9.27% | -1.36% |
| 아모레퍼시픽홀딩스 | 002790 | 18 | 27,825 | 2025-10-16 | 26,100 | -6.40% | 1.16% |
| 영원무역홀딩스 | 009970 | 16 | 133,954 | 2025-10-16 | 133,400 | -0.41% | -0.60% |
| 오리온홀딩스 | 001800 | 36 | 21,026 | 2025-10-16 | 19,690 | -6.56% | 0.10% |
| 현대지에프홀딩스 | 005440 | 90 | 8,180 | 2025-10-16 | 8,170 | -0.12% | -1.46% |

## Beta (1Y, 일간 로그수익률)
- 기준일: **2025-10-16**, 윈도우: **2024-10-16 ~ 2025-10-16**

### 포트폴리오 Beta
- 관측치 수: **242**  (공통 거래일 기준)
- 기간: **2024-10-17 ~ 2025-10-16**
- **Beta (직접법)**: **0.6106**

### 개별 종목 Beta
| name | code | n | period | beta |
|---|---:|---:|---|---:|
| KT | 030200 | 243 | 2024-10-16 ~ 2025-10-16 | 0.2296 |
| LG디스플레이 | 034220 | 243 | 2024-10-16 ~ 2025-10-16 | 1.2767 |
| LG유플러스 | 032640 | 243 | 2024-10-16 ~ 2025-10-16 | 0.2352 |
| 강원랜드 | 035250 | 243 | 2024-10-16 ~ 2025-10-16 | 0.4078 |
| 동아쏘시오홀딩스 | 000640 | 243 | 2024-10-16 ~ 2025-10-16 | 0.2358 |
| 삼성물산 | 028260 | 243 | 2024-10-16 ~ 2025-10-16 | 1.1131 |
| 세아베스틸지주 | 001430 | 243 | 2024-10-16 ~ 2025-10-16 | 0.5915 |
| 아모레퍼시픽홀딩스 | 002790 | 243 | 2024-10-16 ~ 2025-10-16 | 0.8758 |
| 영원무역홀딩스 | 009970 | 243 | 2024-10-16 ~ 2025-10-16 | 0.5660 |
| 오리온홀딩스 | 001800 | 243 | 2024-10-16 ~ 2025-10-16 | 0.6242 |
| 현대지에프홀딩스 | 005440 | 243 | 2024-10-16 ~ 2025-10-16 | 0.7867 |

## EWMA Vol (1Y, λ=0.94, Daily)
- 기준일: **2025-10-16**, 윈도우: **2024-10-16 ~ 2025-10-16**
- 결과는 **일간 표준편차(σ)**이며 **연간화하지 않음**

| name | code | n | period | ewma_sigma_daily |
|---|---:|---:|---|---:|
| KT | 030200 | 243 | 2024-10-16 ~ 2025-10-16 | 0.014142 |
| LG디스플레이 | 034220 | 243 | 2024-10-16 ~ 2025-10-16 | 0.038175 |
| LG유플러스 | 032640 | 243 | 2024-10-16 ~ 2025-10-16 | 0.016070 |
| 강원랜드 | 035250 | 243 | 2024-10-16 ~ 2025-10-16 | 0.010175 |
| 동아쏘시오홀딩스 | 000640 | 243 | 2024-10-16 ~ 2025-10-16 | 0.017975 |
| 삼성물산 | 028260 | 243 | 2024-10-16 ~ 2025-10-16 | 0.028353 |
| 세아베스틸지주 | 001430 | 243 | 2024-10-16 ~ 2025-10-16 | 0.026892 |
| 아모레퍼시픽홀딩스 | 002790 | 243 | 2024-10-16 ~ 2025-10-16 | 0.014670 |
| 영원무역홀딩스 | 009970 | 243 | 2024-10-16 ~ 2025-10-16 | 0.019759 |
| 오리온홀딩스 | 001800 | 243 | 2024-10-16 ~ 2025-10-16 | 0.013255 |
| 현대지에프홀딩스 | 005440 | 243 | 2024-10-16 ~ 2025-10-16 | 0.026871 |
## 종목 간 상관관계 (1년)

- 기준일: 2025-10-16  | 기간: 2024-10-16 ~ 2025-10-16


| name | 동아쏘시오홀딩스 | 세아베스틸지주 | 오리온홀딩스 | 아모레퍼시픽홀딩스 | 현대지에프홀딩스 | 영원무역홀딩스 | 삼성물산 | KT | LG유플러스 | 강원랜드 | LG디스플레이 |
|---|---:|---:|---:|---:|---:|---:|---:|---:|---:|---:|---:|
| 동아쏘시오홀딩스 | 1.0000 | 0.1208 | 0.2832 | 0.2134 | 0.3060 | 0.2156 | 0.1076 | -0.0035 | 0.0657 | 0.1575 | 0.1809 |
| 세아베스틸지주 | 0.1208 | 1.0000 | 0.1757 | 0.2407 | 0.2416 | 0.2392 | 0.0787 | 0.0381 | 0.0601 | 0.2282 | 0.1225 |
| 오리온홀딩스 | 0.2832 | 0.1757 | 1.0000 | 0.3491 | 0.4897 | 0.3904 | 0.3035 | 0.1749 | 0.2305 | 0.2154 | 0.1438 |
| 아모레퍼시픽홀딩스 | 0.2134 | 0.2407 | 0.3491 | 1.0000 | 0.3133 | 0.2567 | 0.4394 | 0.1445 | 0.0737 | 0.2630 | 0.2465 |
| 현대지에프홀딩스 | 0.3060 | 0.2416 | 0.4897 | 0.3133 | 1.0000 | 0.3803 | 0.3749 | 0.1373 | 0.1556 | 0.2955 | 0.1581 |
| 영원무역홀딩스 | 0.2156 | 0.2392 | 0.3904 | 0.2567 | 0.3803 | 1.0000 | 0.2723 | 0.1964 | 0.1547 | 0.1410 | 0.1364 |
| 삼성물산 | 0.1076 | 0.0787 | 0.3035 | 0.4394 | 0.3749 | 0.2723 | 1.0000 | 0.1435 | 0.1356 | 0.1727 | 0.2550 |
| KT | -0.0035 | 0.0381 | 0.1749 | 0.1445 | 0.1373 | 0.1964 | 0.1435 | 1.0000 | 0.3933 | 0.1658 | 0.0080 |
| LG유플러스 | 0.0657 | 0.0601 | 0.2305 | 0.0737 | 0.1556 | 0.1547 | 0.1356 | 0.3933 | 1.0000 | 0.2021 | 0.1162 |
| 강원랜드 | 0.1575 | 0.2282 | 0.2154 | 0.2630 | 0.2955 | 0.1410 | 0.1727 | 0.1658 | 0.2021 | 1.0000 | 0.2961 |
| LG디스플레이 | 0.1809 | 0.1225 | 0.1438 | 0.2465 | 0.1581 | 0.1364 | 0.2550 | 0.0080 | 0.1162 | 0.2961 | 1.0000 |

## 포트폴리오 VaR (10-day, 99%) — 2025-10-16

- Total portfolio value (used): 11,256,680 KRW
- z-score: 2.33
- Portfolio σ (money, 10d): 401,281 KRW
- **Portfolio VaR (10d, 99%)**: **934,984 KRW**
- VaR / Portfolio value: **8.31%** → ✅ 15% 이하

## Top 10 Component VaR

| Rank | Name | Position (KRW) | σ10d | cVaR (KRW) | cVaR/Port | cVaR/Pos | Note |
|---:|---|---:|---:|---:|---:|---:|---|
| 1 | 영원무역홀딩스 | 2,134,400 | 0.0590 | 195,637 | 20.92% | 9.17% |  |
| 2 | 삼성물산 | 1,302,000 | 0.0919 | 178,715 | 19.11% | 13.73% |  |
| 3 | LG디스플레이 | 1,207,920 | 0.0954 | 147,631 | 15.79% | 12.22% |  |
| 4 | 현대지에프홀딩스 | 735,300 | 0.0899 | 99,393 | 10.63% | 13.52% |  |
| 5 | 세아베스틸지주 | 816,000 | 0.0949 | 79,802 | 8.54% | 9.78% |  |
| 6 | 동아쏘시오홀딩스 | 1,075,000 | 0.0570 | 61,792 | 6.61% | 5.75% |  |
| 7 | LG유플러스 | 943,020 | 0.0551 | 44,742 | 4.79% | 4.74% |  |
| 8 | 오리온홀딩스 | 708,840 | 0.0426 | 40,065 | 4.29% | 5.65% |  |
| 9 | 강원랜드 | 1,064,400 | 0.0337 | 38,125 | 4.08% | 3.58% |  |
| 10 | 아모레퍼시픽홀딩스 | 469,800 | 0.0458 | 26,910 | 2.88% | 5.73% |  |

- Σ cVaR (all names) = 934,984 KRW
