# 포트폴리오 보고서 (기준일: 2025-11-07)

## 요약
- 포트폴리오 **누적 수익률**: **2.17%**  (V₀=11,045,878, Vₜ=11,287,920)
- 포트폴리오 **일일 수익률**: **-2.40%**  (공통 거래일: 2025-11-06 → 2025-11-07)
- KOSPI **일일 수익률**: **-1.82%**  (비교 기준일: 2025-11-07)
- **초과수익률(일일)**: **-0.58%**

## 개별 종목 현황 (오늘 기준)

| name | code | shares | buy_price | last_date | close_last | r_i_cum | r_i_daily |
|---|---:|---:|---:|---|---:|---:|---:|
| KT | 030200 | 16 | 52,901 | 2025-11-07 | 48,250 | -9.20% | -2.25% |
| LG디스플레이 | 034220 | 84 | 11,940 | 2025-11-07 | 13,410 | 11.61% | -4.59% |
| LG유플러스 | 032640 | 62 | 14,955 | 2025-11-07 | 15,710 | 4.93% | 2.06% |
| 강원랜드 | 035250 | 60 | 18,291 | 2025-11-07 | 16,840 | -8.27% | -0.65% |
| 동아쏘시오홀딩스 | 000640 | 10 | 109,982 | 2025-11-07 | 105,700 | -3.97% | -3.35% |
| 삼성물산 | 028260 | 6 | 173,255 | 2025-11-07 | 214,000 | 21.12% | -1.39% |
| 세아베스틸지주 | 001430 | 32 | 27,976 | 2025-11-07 | 26,200 | -6.56% | -0.38% |
| 아모레퍼시픽홀딩스 | 002790 | 18 | 27,825 | 2025-11-07 | 26,600 | -4.50% | 6.20% |
| 영원무역홀딩스 | 009970 | 16 | 133,954 | 2025-11-07 | 146,800 | 9.16% | -6.65% |
| 오리온홀딩스 | 001800 | 36 | 21,026 | 2025-11-07 | 19,110 | -9.55% | -0.42% |
| 현대지에프홀딩스 | 005440 | 90 | 8,180 | 2025-11-07 | 7,890 | -3.61% | -3.36% |

## Beta (1Y, 일간 로그수익률)
- 기준일: **2025-11-07**, 윈도우: **2024-11-07 ~ 2025-11-07**

### 포트폴리오 Beta
- 관측치 수: **242**  (공통 거래일 기준)
- 기간: **2024-11-08 ~ 2025-11-07**
- **Beta (직접법)**: **0.6014**

### 개별 종목 Beta
| name | code | n | period | beta |
|---|---:|---:|---|---:|
| KT | 030200 | 243 | 2024-11-07 ~ 2025-11-07 | 0.2813 |
| LG디스플레이 | 034220 | 243 | 2024-11-07 ~ 2025-11-07 | 1.1917 |
| LG유플러스 | 032640 | 243 | 2024-11-07 ~ 2025-11-07 | 0.1917 |
| 강원랜드 | 035250 | 243 | 2024-11-07 ~ 2025-11-07 | 0.3778 |
| 동아쏘시오홀딩스 | 000640 | 243 | 2024-11-07 ~ 2025-11-07 | 0.2406 |
| 삼성물산 | 028260 | 243 | 2024-11-07 ~ 2025-11-07 | 1.0874 |
| 세아베스틸지주 | 001430 | 243 | 2024-11-07 ~ 2025-11-07 | 0.5550 |
| 아모레퍼시픽홀딩스 | 002790 | 243 | 2024-11-07 ~ 2025-11-07 | 0.7549 |
| 영원무역홀딩스 | 009970 | 243 | 2024-11-07 ~ 2025-11-07 | 0.6241 |
| 오리온홀딩스 | 001800 | 243 | 2024-11-07 ~ 2025-11-07 | 0.6272 |
| 현대지에프홀딩스 | 005440 | 243 | 2024-11-07 ~ 2025-11-07 | 0.7604 |

## EWMA Vol (1Y, λ=0.94, Daily)
- 기준일: **2025-11-07**, 윈도우: **2024-11-07 ~ 2025-11-07**
- 결과는 **일간 표준편차(σ)**이며 **연간화하지 않음**

| name | code | n | period | ewma_sigma_daily |
|---|---:|---:|---|---:|
| KT | 030200 | 243 | 2024-11-07 ~ 2025-11-07 | 0.012332 |
| LG디스플레이 | 034220 | 243 | 2024-11-07 ~ 2025-11-07 | 0.032257 |
| LG유플러스 | 032640 | 243 | 2024-11-07 ~ 2025-11-07 | 0.019631 |
| 강원랜드 | 035250 | 243 | 2024-11-07 ~ 2025-11-07 | 0.009564 |
| 동아쏘시오홀딩스 | 000640 | 243 | 2024-11-07 ~ 2025-11-07 | 0.016615 |
| 삼성물산 | 028260 | 243 | 2024-11-07 ~ 2025-11-07 | 0.031644 |
| 세아베스틸지주 | 001430 | 243 | 2024-11-07 ~ 2025-11-07 | 0.029124 |
| 아모레퍼시픽홀딩스 | 002790 | 243 | 2024-11-07 ~ 2025-11-07 | 0.020915 |
| 영원무역홀딩스 | 009970 | 243 | 2024-11-07 ~ 2025-11-07 | 0.040166 |
| 오리온홀딩스 | 001800 | 243 | 2024-11-07 ~ 2025-11-07 | 0.013395 |
| 현대지에프홀딩스 | 005440 | 243 | 2024-11-07 ~ 2025-11-07 | 0.031109 |
## 종목 간 상관관계 (1년)

- 기준일: 2025-11-07  | 기간: 2024-11-07 ~ 2025-11-07


| name | 동아쏘시오홀딩스 | 세아베스틸지주 | 오리온홀딩스 | 아모레퍼시픽홀딩스 | 현대지에프홀딩스 | 영원무역홀딩스 | 삼성물산 | KT | LG유플러스 | 강원랜드 | LG디스플레이 |
|---|---:|---:|---:|---:|---:|---:|---:|---:|---:|---:|---:|
| 동아쏘시오홀딩스 | 1.0000 | 0.1426 | 0.3092 | 0.1988 | 0.3265 | 0.2497 | 0.1667 | 0.0304 | 0.0790 | 0.1578 | 0.1902 |
| 세아베스틸지주 | 0.1426 | 1.0000 | 0.1729 | 0.2503 | 0.2346 | 0.1808 | 0.0656 | 0.0222 | 0.0604 | 0.2347 | 0.1219 |
| 오리온홀딩스 | 0.3092 | 0.1729 | 1.0000 | 0.3677 | 0.5393 | 0.3964 | 0.3175 | 0.1746 | 0.2274 | 0.2326 | 0.1592 |
| 아모레퍼시픽홀딩스 | 0.1988 | 0.2503 | 0.3677 | 1.0000 | 0.3040 | 0.2194 | 0.3807 | 0.1558 | 0.0794 | 0.2758 | 0.2107 |
| 현대지에프홀딩스 | 0.3265 | 0.2346 | 0.5393 | 0.3040 | 1.0000 | 0.4712 | 0.3717 | 0.2142 | 0.1936 | 0.3150 | 0.1826 |
| 영원무역홀딩스 | 0.2497 | 0.1808 | 0.3964 | 0.2194 | 0.4712 | 1.0000 | 0.2952 | 0.2246 | 0.1711 | 0.1745 | 0.1667 |
| 삼성물산 | 0.1667 | 0.0656 | 0.3175 | 0.3807 | 0.3717 | 0.2952 | 1.0000 | 0.1720 | 0.1413 | 0.1859 | 0.2693 |
| KT | 0.0304 | 0.0222 | 0.1746 | 0.1558 | 0.2142 | 0.2246 | 0.1720 | 1.0000 | 0.3696 | 0.1937 | 0.0490 |
| LG유플러스 | 0.0790 | 0.0604 | 0.2274 | 0.0794 | 0.1936 | 0.1711 | 0.1413 | 0.3696 | 1.0000 | 0.2112 | 0.1372 |
| 강원랜드 | 0.1578 | 0.2347 | 0.2326 | 0.2758 | 0.3150 | 0.1745 | 0.1859 | 0.1937 | 0.2112 | 1.0000 | 0.2959 |
| LG디스플레이 | 0.1902 | 0.1219 | 0.1592 | 0.2107 | 0.1826 | 0.1667 | 0.2693 | 0.0490 | 0.1372 | 0.2959 | 1.0000 |

## 포트폴리오 VaR (10-day, 99%) — 2025-11-07

- Total portfolio value (used): 11,287,920 KRW
- z-score: 2.33
- Portfolio σ (money, 10d): 506,430 KRW
- **Portfolio VaR (10d, 99%)**: **1,179,982 KRW**
- VaR / Portfolio value: **10.45%** → ✅ 15% 이하

## Top 10 Component VaR

| Rank | Name | Position (KRW) | σ10d | cVaR (KRW) | cVaR/Port | cVaR/Pos | Note |
|---:|---|---:|---:|---:|---:|---:|---|
| 1 | 영원무역홀딩스 | 2,348,800 | 0.1083 | 480,392 | 40.71% | 20.45% |  |
| 2 | 삼성물산 | 1,284,000 | 0.0937 | 167,651 | 14.21% | 13.06% |  |
| 3 | 현대지에프홀딩스 | 710,100 | 0.1022 | 115,645 | 9.80% | 16.29% |  |
| 4 | LG디스플레이 | 1,126,440 | 0.0804 | 96,212 | 8.15% | 8.54% |  |
| 5 | 세아베스틸지주 | 838,400 | 0.1045 | 81,658 | 6.92% | 9.74% |  |
| 6 | 동아쏘시오홀딩스 | 1,057,000 | 0.0538 | 57,574 | 4.88% | 5.45% |  |
| 7 | LG유플러스 | 974,020 | 0.0654 | 54,630 | 4.63% | 5.61% |  |
| 8 | 오리온홀딩스 | 687,960 | 0.0428 | 39,671 | 3.36% | 5.77% |  |
| 9 | 아모레퍼시픽홀딩스 | 478,800 | 0.0663 | 34,558 | 2.93% | 7.22% |  |
| 10 | 강원랜드 | 1,010,400 | 0.0319 | 31,492 | 2.67% | 3.12% |  |

- Σ cVaR (all names) = 1,179,982 KRW
