# 포트폴리오 보고서 (기준일: 2025-09-24)

## 요약
- 포트폴리오 **누적 수익률**: **2.43%**  (V₀=11,045,878, Vₜ=11,317,980)
- 포트폴리오 **일일 수익률**: **-0.26%**  (공통 거래일: 2025-09-23 → 2025-09-24)
- KOSPI **일일 수익률**: **-0.40%**  (비교 기준일: 2025-09-24)
- **초과수익률(일일)**: **0.14%**

## 개별 종목 현황 (오늘 기준)

| name | code | shares | buy_price | last_date | close_last | r_i_cum | r_i_daily |
|---|---:|---:|---:|---|---:|---:|---:|
| KT | 030200 | 16 | 52,901 | 2025-09-24 | 50,800 | -4.05% | 1.89% |
| LG디스플레이 | 034220 | 84 | 11,940 | 2025-09-24 | 13,650 | 13.38% | 2.45% |
| LG유플러스 | 032640 | 62 | 14,955 | 2025-09-24 | 14,990 | 0.23% | 1.48% |
| 강원랜드 | 035250 | 60 | 18,291 | 2025-09-24 | 17,980 | -1.71% | -1.38% |
| 동아쏘시오홀딩스 | 000640 | 10 | 109,982 | 2025-09-24 | 114,500 | 4.03% | -1.22% |
| 삼성물산 | 028260 | 6 | 173,255 | 2025-09-24 | 193,700 | 11.15% | -2.04% |
| 세아베스틸지주 | 001430 | 32 | 27,976 | 2025-09-24 | 25,700 | -8.49% | 0.39% |
| 아모레퍼시픽홀딩스 | 002790 | 18 | 27,825 | 2025-09-24 | 26,650 | -4.31% | 0.00% |
| 영원무역홀딩스 | 009970 | 16 | 133,954 | 2025-09-24 | 141,400 | 5.41% | -0.70% |
| 오리온홀딩스 | 001800 | 36 | 21,026 | 2025-09-24 | 20,750 | -1.32% | -0.24% |
| 현대지에프홀딩스 | 005440 | 90 | 8,180 | 2025-09-24 | 8,130 | -0.61% | -2.55% |

## Beta (1Y, 일간 로그수익률)
- 기준일: **2025-09-24**, 윈도우: **2024-09-24 ~ 2025-09-24**

### 포트폴리오 Beta
- 관측치 수: **244**  (공통 거래일 기준)
- 기간: **2024-09-25 ~ 2025-09-24**
- **Beta (직접법)**: **0.6395**

### 개별 종목 Beta
| name | code | n | period | beta |
|---|---:|---:|---|---:|
| KT | 030200 | 245 | 2024-09-24 ~ 2025-09-24 | 0.2710 |
| LG디스플레이 | 034220 | 245 | 2024-09-24 ~ 2025-09-24 | 1.3074 |
| LG유플러스 | 032640 | 245 | 2024-09-24 ~ 2025-09-24 | 0.2446 |
| 강원랜드 | 035250 | 245 | 2024-09-24 ~ 2025-09-24 | 0.4127 |
| 동아쏘시오홀딩스 | 000640 | 245 | 2024-09-24 ~ 2025-09-24 | 0.2816 |
| 삼성물산 | 028260 | 245 | 2024-09-24 ~ 2025-09-24 | 1.0693 |
| 세아베스틸지주 | 001430 | 245 | 2024-09-24 ~ 2025-09-24 | 0.6977 |
| 아모레퍼시픽홀딩스 | 002790 | 245 | 2024-09-24 ~ 2025-09-24 | 0.8862 |
| 영원무역홀딩스 | 009970 | 245 | 2024-09-24 ~ 2025-09-24 | 0.6169 |
| 오리온홀딩스 | 001800 | 245 | 2024-09-24 ~ 2025-09-24 | 0.6581 |
| 현대지에프홀딩스 | 005440 | 245 | 2024-09-24 ~ 2025-09-24 | 0.8432 |

## EWMA Vol (1Y, λ=0.94, Daily)
- 기준일: **2025-09-24**, 윈도우: **2024-09-24 ~ 2025-09-24**
- 결과는 **일간 표준편차(σ)**이며 **연간화하지 않음**

| name | code | n | period | ewma_sigma_daily |
|---|---:|---:|---|---:|
| KT | 030200 | 245 | 2024-09-24 ~ 2025-09-24 | 0.013573 |
| LG디스플레이 | 034220 | 245 | 2024-09-24 ~ 2025-09-24 | 0.035528 |
| LG유플러스 | 032640 | 245 | 2024-09-24 ~ 2025-09-24 | 0.017960 |
| 강원랜드 | 035250 | 245 | 2024-09-24 ~ 2025-09-24 | 0.009435 |
| 동아쏘시오홀딩스 | 000640 | 245 | 2024-09-24 ~ 2025-09-24 | 0.021020 |
| 삼성물산 | 028260 | 245 | 2024-09-24 ~ 2025-09-24 | 0.021255 |
| 세아베스틸지주 | 001430 | 245 | 2024-09-24 ~ 2025-09-24 | 0.017308 |
| 아모레퍼시픽홀딩스 | 002790 | 245 | 2024-09-24 ~ 2025-09-24 | 0.015606 |
| 영원무역홀딩스 | 009970 | 245 | 2024-09-24 ~ 2025-09-24 | 0.024773 |
| 오리온홀딩스 | 001800 | 245 | 2024-09-24 ~ 2025-09-24 | 0.015663 |
| 현대지에프홀딩스 | 005440 | 245 | 2024-09-24 ~ 2025-09-24 | 0.031512 |
## 종목 간 상관관계 (1년)

- 기준일: 2025-09-24  | 기간: 2024-09-24 ~ 2025-09-24


| name | 동아쏘시오홀딩스 | 세아베스틸지주 | 오리온홀딩스 | 아모레퍼시픽홀딩스 | 현대지에프홀딩스 | 영원무역홀딩스 | 삼성물산 | KT | LG유플러스 | 강원랜드 | LG디스플레이 |
|---|---:|---:|---:|---:|---:|---:|---:|---:|---:|---:|---:|
| 동아쏘시오홀딩스 | 1.0000 | 0.1066 | 0.2761 | 0.1967 | 0.3236 | 0.2071 | 0.1448 | -0.0035 | 0.0566 | 0.1632 | 0.1904 |
| 세아베스틸지주 | 0.1066 | 1.0000 | 0.1762 | 0.2246 | 0.2437 | 0.2184 | 0.1044 | 0.0262 | 0.0743 | 0.2373 | 0.1817 |
| 오리온홀딩스 | 0.2761 | 0.1762 | 1.0000 | 0.3470 | 0.4774 | 0.3655 | 0.3143 | 0.1682 | 0.2345 | 0.2059 | 0.1661 |
| 아모레퍼시픽홀딩스 | 0.1967 | 0.2246 | 0.3470 | 1.0000 | 0.2822 | 0.2349 | 0.4196 | 0.1186 | 0.0729 | 0.2556 | 0.2702 |
| 현대지에프홀딩스 | 0.3236 | 0.2437 | 0.4774 | 0.2822 | 1.0000 | 0.3849 | 0.4183 | 0.1635 | 0.1573 | 0.3035 | 0.1710 |
| 영원무역홀딩스 | 0.2071 | 0.2184 | 0.3655 | 0.2349 | 0.3849 | 1.0000 | 0.3007 | 0.1992 | 0.1620 | 0.1383 | 0.1639 |
| 삼성물산 | 0.1448 | 0.1044 | 0.3143 | 0.4196 | 0.4183 | 0.3007 | 1.0000 | 0.1515 | 0.1364 | 0.1916 | 0.2509 |
| KT | -0.0035 | 0.0262 | 0.1682 | 0.1186 | 0.1635 | 0.1992 | 0.1515 | 1.0000 | 0.4074 | 0.1542 | 0.0360 |
| LG유플러스 | 0.0566 | 0.0743 | 0.2345 | 0.0729 | 0.1573 | 0.1620 | 0.1364 | 0.4074 | 1.0000 | 0.1938 | 0.1102 |
| 강원랜드 | 0.1632 | 0.2373 | 0.2059 | 0.2556 | 0.3035 | 0.1383 | 0.1916 | 0.1542 | 0.1938 | 1.0000 | 0.2906 |
| LG디스플레이 | 0.1904 | 0.1817 | 0.1661 | 0.2702 | 0.1710 | 0.1639 | 0.2509 | 0.0360 | 0.1102 | 0.2906 | 1.0000 |

## 포트폴리오 VaR (10-day, 99%) — 2025-09-24

- Total portfolio value (used): 11,317,980 KRW
- z-score: 2.33
- Portfolio σ (money, 10d): 407,097 KRW
- **Portfolio VaR (10d, 99%)**: **948,536 KRW**
- VaR / Portfolio value: **8.38%** → ✅ 15% 이하

## Top 10 Component VaR

| Rank | Name | Position (KRW) | σ10d | cVaR (KRW) | cVaR/Port | cVaR/Pos | Note |
|---:|---|---:|---:|---:|---:|---:|---|
| 1 | 영원무역홀딩스 | 2,262,400 | 0.0710 | 272,995 | 28.78% | 12.07% |  |
| 2 | 현대지에프홀딩스 | 731,700 | 0.1068 | 123,374 | 13.01% | 16.86% |  |
| 3 | LG디스플레이 | 1,146,600 | 0.0877 | 122,987 | 12.97% | 10.73% |  |
| 4 | 삼성물산 | 1,162,200 | 0.0687 | 111,008 | 11.70% | 9.55% |  |
| 5 | 동아쏘시오홀딩스 | 1,145,000 | 0.0654 | 82,725 | 8.72% | 7.22% |  |
| 6 | LG유플러스 | 929,380 | 0.0626 | 51,973 | 5.48% | 5.59% |  |
| 7 | 오리온홀딩스 | 747,000 | 0.0491 | 50,031 | 5.27% | 6.70% |  |
| 8 | 세아베스틸지주 | 822,400 | 0.0615 | 47,630 | 5.02% | 5.79% |  |
| 9 | 강원랜드 | 1,078,800 | 0.0314 | 34,524 | 3.64% | 3.20% |  |
| 10 | 아모레퍼시픽홀딩스 | 479,700 | 0.0513 | 28,228 | 2.98% | 5.88% |  |

- Σ cVaR (all names) = 948,536 KRW
