# 포트폴리오 보고서 (기준일: 2026-01-12)

## 요약
- 포트폴리오 **누적 수익률**: **20.37%**  (V₀=11,045,878, Vₜ=13,542,100)
- 포트폴리오 **일일 수익률**: **1.50%**  (공통 거래일: 2026-01-09 → 2026-01-12)
- KOSPI **일일 수익률**: **1.23%**  (비교 기준일: 2025-09-16)
- **초과수익률(일일)**: **0.26%**

## 개별 종목 현황 (오늘 기준)

| name | code | shares | buy_price | last_date | close_last | r_i_cum | r_i_daily |
|---|---:|---:|---:|---|---:|---:|---:|
| KT | 030200 | 16 | 52,901 | 2026-01-12 | 51,700 | -2.30% | -0.58% |
| LG디스플레이 | 034220 | 84 | 11,940 | 2026-01-12 | 11,980 | 0.33% | 1.68% |
| LG유플러스 | 032640 | 62 | 14,955 | 2026-01-12 | 14,580 | -2.54% | 1.59% |
| 강원랜드 | 035250 | 60 | 18,291 | 2026-01-12 | 17,930 | -1.99% | -0.22% |
| 동아쏘시오홀딩스 | 000640 | 10 | 109,982 | 2026-01-12 | 107,500 | -2.28% | 0.84% |
| 삼성물산 | 028260 | 6 | 173,255 | 2026-01-12 | 267,500 | 43.44% | -0.37% |
| 세아베스틸지주 | 001430 | 32 | 27,976 | 2026-01-12 | 68,300 | 89.26% | 10.16% |
| 아모레퍼시픽홀딩스 | 002790 | 18 | 27,825 | 2026-01-12 | 26,000 | -6.78% | -0.19% |
| 영원무역홀딩스 | 009970 | 16 | 133,954 | 2026-01-12 | 185,500 | 32.56% | -1.55% |
| 오리온홀딩스 | 001800 | 36 | 21,026 | 2026-01-12 | 19,670 | -6.67% | 0.71% |
| 현대지에프홀딩스 | 005440 | 90 | 8,180 | 2026-01-12 | 7,990 | -2.35% | 0.75% |

## Beta (1Y, 일간 로그수익률)
- 기준일: **2026-01-12**, 윈도우: **2025-01-12 ~ 2026-01-12**

### 포트폴리오 Beta
- 관측치 수: **165**  (공통 거래일 기준)
- 기간: **2025-01-14 ~ 2025-09-16**
- **Beta (직접법)**: **0.6596**

### 개별 종목 Beta
| name | code | n | period | beta |
|---|---:|---:|---|---:|
| KT | 030200 | 166 | 2025-01-13 ~ 2025-09-16 | 0.2760 |
| LG디스플레이 | 034220 | 166 | 2025-01-13 ~ 2025-09-16 | 1.2858 |
| LG유플러스 | 032640 | 166 | 2025-01-13 ~ 2025-09-16 | 0.2117 |
| 강원랜드 | 035250 | 166 | 2025-01-13 ~ 2025-09-16 | 0.3837 |
| 동아쏘시오홀딩스 | 000640 | 166 | 2025-01-13 ~ 2025-09-16 | 0.2659 |
| 삼성물산 | 028260 | 166 | 2025-01-13 ~ 2025-09-16 | 1.0100 |
| 세아베스틸지주 | 001430 | 166 | 2025-01-13 ~ 2025-09-16 | 0.6905 |
| 아모레퍼시픽홀딩스 | 002790 | 166 | 2025-01-13 ~ 2025-09-16 | 0.8477 |
| 영원무역홀딩스 | 009970 | 166 | 2025-01-13 ~ 2025-09-16 | 0.8059 |
| 오리온홀딩스 | 001800 | 166 | 2025-01-13 ~ 2025-09-16 | 0.7757 |
| 현대지에프홀딩스 | 005440 | 166 | 2025-01-13 ~ 2025-09-16 | 0.8644 |

## EWMA Vol (1Y, λ=0.94, Daily)
- 기준일: **2026-01-12**, 윈도우: **2025-01-12 ~ 2026-01-12**
- 결과는 **일간 표준편차(σ)**이며 **연간화하지 않음**

| name | code | n | period | ewma_sigma_daily |
|---|---:|---:|---|---:|
| KT | 030200 | 242 | 2025-01-13 ~ 2026-01-12 | 0.013949 |
| LG디스플레이 | 034220 | 242 | 2025-01-13 ~ 2026-01-12 | 0.021229 |
| LG유플러스 | 032640 | 242 | 2025-01-13 ~ 2026-01-12 | 0.014608 |
| 강원랜드 | 035250 | 242 | 2025-01-13 ~ 2026-01-12 | 0.011674 |
| 동아쏘시오홀딩스 | 000640 | 242 | 2025-01-13 ~ 2026-01-12 | 0.012728 |
| 삼성물산 | 028260 | 242 | 2025-01-13 ~ 2026-01-12 | 0.023458 |
| 세아베스틸지주 | 001430 | 242 | 2025-01-13 ~ 2026-01-12 | 0.074712 |
| 아모레퍼시픽홀딩스 | 002790 | 242 | 2025-01-13 ~ 2026-01-12 | 0.026102 |
| 영원무역홀딩스 | 009970 | 242 | 2025-01-13 ~ 2026-01-12 | 0.028606 |
| 오리온홀딩스 | 001800 | 242 | 2025-01-13 ~ 2026-01-12 | 0.014204 |
| 현대지에프홀딩스 | 005440 | 242 | 2025-01-13 ~ 2026-01-12 | 0.019830 |
## 종목 간 상관관계 (1년)

- 기준일: 2026-01-12  | 기간: 2025-01-12 ~ 2026-01-12


| name | 동아쏘시오홀딩스 | 세아베스틸지주 | 오리온홀딩스 | 아모레퍼시픽홀딩스 | 현대지에프홀딩스 | 영원무역홀딩스 | 삼성물산 | KT | LG유플러스 | 강원랜드 | LG디스플레이 |
|---|---:|---:|---:|---:|---:|---:|---:|---:|---:|---:|---:|
| 동아쏘시오홀딩스 | 1.0000 | 0.0845 | 0.3352 | 0.1616 | 0.3580 | 0.2295 | 0.1722 | 0.0762 | 0.1423 | 0.1804 | 0.2075 |
| 세아베스틸지주 | 0.0845 | 1.0000 | 0.1311 | 0.2004 | 0.1413 | 0.0756 | 0.0637 | 0.0071 | 0.0301 | 0.0927 | 0.0394 |
| 오리온홀딩스 | 0.3352 | 0.1311 | 1.0000 | 0.3540 | 0.5747 | 0.3686 | 0.3014 | 0.2110 | 0.2441 | 0.2284 | 0.1429 |
| 아모레퍼시픽홀딩스 | 0.1616 | 0.2004 | 0.3540 | 1.0000 | 0.2974 | 0.1678 | 0.3196 | 0.1795 | 0.1278 | 0.2208 | 0.1511 |
| 현대지에프홀딩스 | 0.3580 | 0.1413 | 0.5747 | 0.2974 | 1.0000 | 0.4365 | 0.3748 | 0.2175 | 0.2072 | 0.3282 | 0.1726 |
| 영원무역홀딩스 | 0.2295 | 0.0756 | 0.3686 | 0.1678 | 0.4365 | 1.0000 | 0.2638 | 0.2407 | 0.1869 | 0.1791 | 0.1442 |
| 삼성물산 | 0.1722 | 0.0637 | 0.3014 | 0.3196 | 0.3748 | 0.2638 | 1.0000 | 0.1941 | 0.1128 | 0.1165 | 0.2574 |
| KT | 0.0762 | 0.0071 | 0.2110 | 0.1795 | 0.2175 | 0.2407 | 0.1941 | 1.0000 | 0.2826 | 0.1891 | 0.0812 |
| LG유플러스 | 0.1423 | 0.0301 | 0.2441 | 0.1278 | 0.2072 | 0.1869 | 0.1128 | 0.2826 | 1.0000 | 0.1927 | 0.1566 |
| 강원랜드 | 0.1804 | 0.0927 | 0.2284 | 0.2208 | 0.3282 | 0.1791 | 0.1165 | 0.1891 | 0.1927 | 1.0000 | 0.2432 |
| LG디스플레이 | 0.2075 | 0.0394 | 0.1429 | 0.1511 | 0.1726 | 0.1442 | 0.2574 | 0.0812 | 0.1566 | 0.2432 | 1.0000 |

## 포트폴리오 VaR (10-day, 99%) — 2026-01-12

- Total portfolio value (used): 13,542,100 KRW
- z-score: 2.33
- Portfolio σ (money, 10d): 770,554 KRW
- **Portfolio VaR (10d, 99%)**: **1,795,391 KRW**
- VaR / Portfolio value: **13.26%** → ✅ 15% 이하

## Top 10 Component VaR

| Rank | Name | Position (KRW) | σ10d | cVaR (KRW) | cVaR/Port | cVaR/Pos | Note |
|---:|---|---:|---:|---:|---:|---:|---|
| 1 | 세아베스틸지주 | 2,185,600 | 0.2743 | 1,185,829 | 66.05% | 54.26% |  |
| 2 | 영원무역홀딩스 | 2,968,000 | 0.0795 | 277,345 | 15.45% | 9.34% |  |
| 3 | 삼성물산 | 1,605,000 | 0.0673 | 92,944 | 5.18% | 5.79% |  |
| 4 | 현대지에프홀딩스 | 719,100 | 0.0649 | 50,562 | 2.82% | 7.03% |  |
| 5 | 아모레퍼시픽홀딩스 | 468,000 | 0.0815 | 33,753 | 1.88% | 7.21% |  |
| 6 | LG디스플레이 | 1,006,320 | 0.0555 | 31,727 | 1.77% | 3.15% |  |
| 7 | 동아쏘시오홀딩스 | 1,075,000 | 0.0413 | 30,606 | 1.70% | 2.85% |  |
| 8 | 오리온홀딩스 | 708,120 | 0.0443 | 30,180 | 1.68% | 4.26% |  |
| 9 | 강원랜드 | 1,075,800 | 0.0407 | 29,109 | 1.62% | 2.71% |  |
| 10 | LG유플러스 | 903,960 | 0.0410 | 18,541 | 1.03% | 2.05% |  |

- Σ cVaR (all names) = 1,795,391 KRW
