# 포트폴리오 보고서 (기준일: 2025-09-23)

## 요약
- 포트폴리오 **누적 수익률**: **2.70%**  (V₀=11,045,878, Vₜ=11,347,920)
- 포트폴리오 **일일 수익률**: **-0.18%**  (공통 거래일: 2025-09-22 → 2025-09-23)
- KOSPI **일일 수익률**: **0.50%**  (비교 기준일: 2025-09-23)
- **초과수익률(일일)**: **-0.69%**

## 개별 종목 현황 (오늘 기준)

| name | code | shares | buy_price | last_date | close_last | r_i_cum | r_i_daily |
|---|---:|---:|---:|---|---:|---:|---:|
| KT | 030200 | 16 | 52,901 | 2025-09-23 | 49,850 | -5.94% | 0.30% |
| LG디스플레이 | 034220 | 84 | 11,940 | 2025-09-23 | 13,320 | 10.94% | -0.15% |
| LG유플러스 | 032640 | 62 | 14,955 | 2025-09-23 | 14,770 | -1.24% | -0.41% |
| 강원랜드 | 035250 | 60 | 18,291 | 2025-09-23 | 18,230 | -0.33% | 0.88% |
| 동아쏘시오홀딩스 | 000640 | 10 | 109,982 | 2025-09-23 | 115,900 | 5.24% | -1.80% |
| 삼성물산 | 028260 | 6 | 173,255 | 2025-09-23 | 197,700 | 13.20% | 0.00% |
| 세아베스틸지주 | 001430 | 32 | 27,976 | 2025-09-23 | 25,600 | -8.88% | -1.17% |
| 아모레퍼시픽홀딩스 | 002790 | 18 | 27,825 | 2025-09-23 | 26,650 | -4.31% | -1.86% |
| 영원무역홀딩스 | 009970 | 16 | 133,954 | 2025-09-23 | 142,400 | 6.11% | 1.34% |
| 오리온홀딩스 | 001800 | 36 | 21,026 | 2025-09-23 | 20,800 | -1.08% | -0.72% |
| 현대지에프홀딩스 | 005440 | 90 | 8,180 | 2025-09-23 | 8,340 | 1.94% | -1.66% |

## Beta (1Y, 일간 로그수익률)
- 기준일: **2025-09-23**, 윈도우: **2024-09-23 ~ 2025-09-23**

### 포트폴리오 Beta
- 관측치 수: **244**  (공통 거래일 기준)
- 기간: **2024-09-24 ~ 2025-09-23**
- **Beta (직접법)**: **0.6373**

### 개별 종목 Beta
| name | code | n | period | beta |
|---|---:|---:|---|---:|
| KT | 030200 | 245 | 2024-09-23 ~ 2025-09-23 | 0.2731 |
| LG디스플레이 | 034220 | 245 | 2024-09-23 ~ 2025-09-23 | 1.3095 |
| LG유플러스 | 032640 | 245 | 2024-09-23 ~ 2025-09-23 | 0.2469 |
| 강원랜드 | 035250 | 245 | 2024-09-23 ~ 2025-09-23 | 0.4093 |
| 동아쏘시오홀딩스 | 000640 | 245 | 2024-09-23 ~ 2025-09-23 | 0.2799 |
| 삼성물산 | 028260 | 245 | 2024-09-23 ~ 2025-09-23 | 1.0649 |
| 세아베스틸지주 | 001430 | 245 | 2024-09-23 ~ 2025-09-23 | 0.6981 |
| 아모레퍼시픽홀딩스 | 002790 | 245 | 2024-09-23 ~ 2025-09-23 | 0.8874 |
| 영원무역홀딩스 | 009970 | 245 | 2024-09-23 ~ 2025-09-23 | 0.6163 |
| 오리온홀딩스 | 001800 | 245 | 2024-09-23 ~ 2025-09-23 | 0.6592 |
| 현대지에프홀딩스 | 005440 | 245 | 2024-09-23 ~ 2025-09-23 | 0.8394 |

## EWMA Vol (1Y, λ=0.94, Daily)
- 기준일: **2025-09-23**, 윈도우: **2024-09-23 ~ 2025-09-23**
- 결과는 **일간 표준편차(σ)**이며 **연간화하지 않음**

| name | code | n | period | ewma_sigma_daily |
|---|---:|---:|---|---:|
| KT | 030200 | 245 | 2024-09-23 ~ 2025-09-23 | 0.013162 |
| LG디스플레이 | 034220 | 245 | 2024-09-23 ~ 2025-09-23 | 0.036119 |
| LG유플러스 | 032640 | 245 | 2024-09-23 ~ 2025-09-23 | 0.018144 |
| 강원랜드 | 035250 | 245 | 2024-09-23 ~ 2025-09-23 | 0.009084 |
| 동아쏘시오홀딩스 | 000640 | 245 | 2024-09-23 ~ 2025-09-23 | 0.021462 |
| 삼성물산 | 028260 | 245 | 2024-09-23 ~ 2025-09-23 | 0.021306 |
| 세아베스틸지주 | 001430 | 245 | 2024-09-23 ~ 2025-09-23 | 0.017824 |
| 아모레퍼시픽홀딩스 | 002790 | 245 | 2024-09-23 ~ 2025-09-23 | 0.016096 |
| 영원무역홀딩스 | 009970 | 245 | 2024-09-23 ~ 2025-09-23 | 0.025489 |
| 오리온홀딩스 | 001800 | 245 | 2024-09-23 ~ 2025-09-23 | 0.016144 |
| 현대지에프홀딩스 | 005440 | 245 | 2024-09-23 ~ 2025-09-23 | 0.031857 |
## 종목 간 상관관계 (1년)

- 기준일: 2025-09-23  | 기간: 2024-09-23 ~ 2025-09-23


| name | 동아쏘시오홀딩스 | 세아베스틸지주 | 오리온홀딩스 | 아모레퍼시픽홀딩스 | 현대지에프홀딩스 | 영원무역홀딩스 | 삼성물산 | KT | LG유플러스 | 강원랜드 | LG디스플레이 |
|---|---:|---:|---:|---:|---:|---:|---:|---:|---:|---:|---:|
| 동아쏘시오홀딩스 | 1.0000 | 0.1070 | 0.2747 | 0.1964 | 0.3220 | 0.2061 | 0.1430 | -0.0003 | 0.0588 | 0.1610 | 0.1933 |
| 세아베스틸지주 | 0.1070 | 1.0000 | 0.1747 | 0.2238 | 0.2449 | 0.2183 | 0.1062 | 0.0266 | 0.0737 | 0.2385 | 0.1826 |
| 오리온홀딩스 | 0.2747 | 0.1747 | 1.0000 | 0.3483 | 0.4759 | 0.3656 | 0.3062 | 0.1660 | 0.2364 | 0.1950 | 0.1606 |
| 아모레퍼시픽홀딩스 | 0.1964 | 0.2238 | 0.3483 | 1.0000 | 0.2822 | 0.2353 | 0.4151 | 0.1172 | 0.0737 | 0.2493 | 0.2665 |
| 현대지에프홀딩스 | 0.3220 | 0.2449 | 0.4759 | 0.2822 | 1.0000 | 0.3838 | 0.4154 | 0.1695 | 0.1618 | 0.2997 | 0.1762 |
| 영원무역홀딩스 | 0.2061 | 0.2183 | 0.3656 | 0.2353 | 0.3838 | 1.0000 | 0.2969 | 0.2008 | 0.1643 | 0.1337 | 0.1639 |
| 삼성물산 | 0.1430 | 0.1062 | 0.3062 | 0.4151 | 0.4154 | 0.2969 | 1.0000 | 0.1597 | 0.1379 | 0.1983 | 0.2612 |
| KT | -0.0003 | 0.0266 | 0.1660 | 0.1172 | 0.1695 | 0.2008 | 0.1597 | 1.0000 | 0.4036 | 0.1638 | 0.0359 |
| LG유플러스 | 0.0588 | 0.0737 | 0.2364 | 0.0737 | 0.1618 | 0.1643 | 0.1379 | 0.4036 | 1.0000 | 0.1941 | 0.1050 |
| 강원랜드 | 0.1610 | 0.2385 | 0.1950 | 0.2493 | 0.2997 | 0.1337 | 0.1983 | 0.1638 | 0.1941 | 1.0000 | 0.3031 |
| LG디스플레이 | 0.1933 | 0.1826 | 0.1606 | 0.2665 | 0.1762 | 0.1639 | 0.2612 | 0.0359 | 0.1050 | 0.3031 | 1.0000 |

## 포트폴리오 VaR (10-day, 99%) — 2025-09-23

- Total portfolio value (used): 11,347,920 KRW
- z-score: 2.33
- Portfolio σ (money, 10d): 417,103 KRW
- **Portfolio VaR (10d, 99%)**: **971,851 KRW**
- VaR / Portfolio value: **8.56%** → ✅ 15% 이하

## Top 10 Component VaR

| Rank | Name | Position (KRW) | σ10d | cVaR (KRW) | cVaR/Port | cVaR/Pos | Note |
|---:|---|---:|---:|---:|---:|---:|---|
| 1 | 영원무역홀딩스 | 2,278,400 | 0.0730 | 283,656 | 29.19% | 12.45% |  |
| 2 | 현대지에프홀딩스 | 750,600 | 0.1078 | 128,395 | 13.21% | 17.11% |  |
| 3 | LG디스플레이 | 1,118,880 | 0.0891 | 121,045 | 12.46% | 10.82% |  |
| 4 | 삼성물산 | 1,186,200 | 0.0700 | 116,038 | 11.94% | 9.78% |  |
| 5 | 동아쏘시오홀딩스 | 1,159,000 | 0.0671 | 86,354 | 8.89% | 7.45% |  |
| 6 | LG유플러스 | 915,740 | 0.0634 | 51,271 | 5.28% | 5.60% |  |
| 7 | 오리온홀딩스 | 748,800 | 0.0504 | 51,220 | 5.27% | 6.84% |  |
| 8 | 세아베스틸지주 | 819,200 | 0.0633 | 48,889 | 5.03% | 5.97% |  |
| 9 | 강원랜드 | 1,093,800 | 0.0306 | 33,843 | 3.48% | 3.09% |  |
| 10 | 아모레퍼시픽홀딩스 | 479,700 | 0.0529 | 28,980 | 2.98% | 6.04% |  |

- Σ cVaR (all names) = 971,851 KRW
