# 포트폴리오 보고서 (기준일: 2026-01-21)

## 요약
- 포트폴리오 **누적 수익률**: **25.62%**  (V₀=11,045,878, Vₜ=14,271,600)
- 포트폴리오 **일일 수익률**: **1.28%**  (공통 거래일: 2026-01-20 → 2026-01-21)
- KOSPI **일일 수익률**: **1.23%**  (비교 기준일: 2025-09-16)
- **초과수익률(일일)**: **0.04%**

## 개별 종목 현황 (오늘 기준)

| name | code | shares | buy_price | last_date | close_last | r_i_cum | r_i_daily |
|---|---:|---:|---:|---|---:|---:|---:|
| KT | 030200 | 16 | 52,901 | 2026-01-21 | 55,300 | 4.44% | 0.18% |
| LG디스플레이 | 034220 | 84 | 11,940 | 2026-01-21 | 12,190 | 2.07% | -2.27% |
| LG유플러스 | 032640 | 62 | 14,955 | 2026-01-21 | 15,420 | 3.06% | -0.06% |
| 강원랜드 | 035250 | 60 | 18,291 | 2026-01-21 | 17,980 | -1.71% | 0.22% |
| 동아쏘시오홀딩스 | 000640 | 10 | 109,982 | 2026-01-21 | 102,000 | -7.53% | -1.65% |
| 삼성물산 | 028260 | 6 | 173,255 | 2026-01-21 | 299,000 | 54.57% | 1.01% |
| 세아베스틸지주 | 001430 | 32 | 27,976 | 2026-01-21 | 76,500 | 100.59% | 3.86% |
| 아모레퍼시픽홀딩스 | 002790 | 18 | 27,825 | 2026-01-21 | 25,800 | -7.56% | -0.77% |
| 영원무역홀딩스 | 009970 | 16 | 133,954 | 2026-01-21 | 194,000 | 37.04% | 4.70% |
| 오리온홀딩스 | 001800 | 36 | 21,026 | 2026-01-21 | 20,550 | -2.29% | -2.64% |
| 현대지에프홀딩스 | 005440 | 90 | 8,180 | 2026-01-21 | 8,420 | 2.89% | -1.53% |

## Beta (1Y, 일간 로그수익률)
- 기준일: **2026-01-21**, 윈도우: **2025-01-21 ~ 2026-01-21**

### 포트폴리오 Beta
- 관측치 수: **159**  (공통 거래일 기준)
- 기간: **2025-01-22 ~ 2025-09-16**
- **Beta (직접법)**: **0.6622**

### 개별 종목 Beta
| name | code | n | period | beta |
|---|---:|---:|---|---:|
| KT | 030200 | 160 | 2025-01-21 ~ 2025-09-16 | 0.2822 |
| LG디스플레이 | 034220 | 160 | 2025-01-21 ~ 2025-09-16 | 1.2905 |
| LG유플러스 | 032640 | 160 | 2025-01-21 ~ 2025-09-16 | 0.2149 |
| 강원랜드 | 035250 | 160 | 2025-01-21 ~ 2025-09-16 | 0.3871 |
| 동아쏘시오홀딩스 | 000640 | 160 | 2025-01-21 ~ 2025-09-16 | 0.2642 |
| 삼성물산 | 028260 | 160 | 2025-01-21 ~ 2025-09-16 | 1.0063 |
| 세아베스틸지주 | 001430 | 160 | 2025-01-21 ~ 2025-09-16 | 0.6979 |
| 아모레퍼시픽홀딩스 | 002790 | 160 | 2025-01-21 ~ 2025-09-16 | 0.8383 |
| 영원무역홀딩스 | 009970 | 160 | 2025-01-21 ~ 2025-09-16 | 0.8053 |
| 오리온홀딩스 | 001800 | 160 | 2025-01-21 ~ 2025-09-16 | 0.7866 |
| 현대지에프홀딩스 | 005440 | 160 | 2025-01-21 ~ 2025-09-16 | 0.8692 |

## EWMA Vol (1Y, λ=0.94, Daily)
- 기준일: **2026-01-21**, 윈도우: **2025-01-21 ~ 2026-01-21**
- 결과는 **일간 표준편차(σ)**이며 **연간화하지 않음**

| name | code | n | period | ewma_sigma_daily |
|---|---:|---:|---|---:|
| KT | 030200 | 243 | 2025-01-21 ~ 2026-01-21 | 0.014370 |
| LG디스플레이 | 034220 | 243 | 2025-01-21 ~ 2026-01-21 | 0.019229 |
| LG유플러스 | 032640 | 243 | 2025-01-21 ~ 2026-01-21 | 0.015486 |
| 강원랜드 | 035250 | 243 | 2025-01-21 ~ 2026-01-21 | 0.010918 |
| 동아쏘시오홀딩스 | 000640 | 243 | 2025-01-21 ~ 2026-01-21 | 0.013482 |
| 삼성물산 | 028260 | 243 | 2025-01-21 ~ 2026-01-21 | 0.022051 |
| 세아베스틸지주 | 001430 | 243 | 2025-01-21 ~ 2026-01-21 | 0.062596 |
| 아모레퍼시픽홀딩스 | 002790 | 243 | 2025-01-21 ~ 2026-01-21 | 0.022649 |
| 영원무역홀딩스 | 009970 | 243 | 2025-01-21 ~ 2026-01-21 | 0.027874 |
| 오리온홀딩스 | 001800 | 243 | 2025-01-21 ~ 2026-01-21 | 0.016598 |
| 현대지에프홀딩스 | 005440 | 243 | 2025-01-21 ~ 2026-01-21 | 0.024396 |
## 종목 간 상관관계 (1년)

- 기준일: 2026-01-21  | 기간: 2025-01-21 ~ 2026-01-21


| name | 동아쏘시오홀딩스 | 세아베스틸지주 | 오리온홀딩스 | 아모레퍼시픽홀딩스 | 현대지에프홀딩스 | 영원무역홀딩스 | 삼성물산 | KT | LG유플러스 | 강원랜드 | LG디스플레이 |
|---|---:|---:|---:|---:|---:|---:|---:|---:|---:|---:|---:|
| 동아쏘시오홀딩스 | 1.0000 | 0.0775 | 0.3387 | 0.1761 | 0.3601 | 0.2223 | 0.1624 | 0.0894 | 0.1263 | 0.1854 | 0.2057 |
| 세아베스틸지주 | 0.0775 | 1.0000 | 0.1247 | 0.1995 | 0.1243 | 0.0768 | 0.0592 | 0.0114 | 0.0314 | 0.0953 | 0.0334 |
| 오리온홀딩스 | 0.3387 | 0.1247 | 1.0000 | 0.3657 | 0.5770 | 0.3565 | 0.3072 | 0.2172 | 0.2497 | 0.2294 | 0.1429 |
| 아모레퍼시픽홀딩스 | 0.1761 | 0.1995 | 0.3657 | 1.0000 | 0.3124 | 0.1718 | 0.3224 | 0.1787 | 0.1318 | 0.2312 | 0.1575 |
| 현대지에프홀딩스 | 0.3601 | 0.1243 | 0.5770 | 0.3124 | 1.0000 | 0.4295 | 0.3811 | 0.2281 | 0.1981 | 0.3209 | 0.1699 |
| 영원무역홀딩스 | 0.2223 | 0.0768 | 0.3565 | 0.1718 | 0.4295 | 1.0000 | 0.2628 | 0.2367 | 0.1790 | 0.1782 | 0.1276 |
| 삼성물산 | 0.1624 | 0.0592 | 0.3072 | 0.3224 | 0.3811 | 0.2628 | 1.0000 | 0.2109 | 0.1166 | 0.1212 | 0.2551 |
| KT | 0.0894 | 0.0114 | 0.2172 | 0.1787 | 0.2281 | 0.2367 | 0.2109 | 1.0000 | 0.2962 | 0.1977 | 0.0891 |
| LG유플러스 | 0.1263 | 0.0314 | 0.2497 | 0.1318 | 0.1981 | 0.1790 | 0.1166 | 0.2962 | 1.0000 | 0.2077 | 0.1533 |
| 강원랜드 | 0.1854 | 0.0953 | 0.2294 | 0.2312 | 0.3209 | 0.1782 | 0.1212 | 0.1977 | 0.2077 | 1.0000 | 0.2379 |
| LG디스플레이 | 0.2057 | 0.0334 | 0.1429 | 0.1575 | 0.1699 | 0.1276 | 0.2551 | 0.0891 | 0.1533 | 0.2379 | 1.0000 |

## 포트폴리오 VaR (10-day, 99%) — 2026-01-21

- Total portfolio value (used): 14,271,600 KRW
- z-score: 2.33
- Portfolio σ (money, 10d): 750,080 KRW
- **Portfolio VaR (10d, 99%)**: **1,747,687 KRW**
- VaR / Portfolio value: **12.25%** → ✅ 15% 이하

## Top 10 Component VaR

| Rank | Name | Position (KRW) | σ10d | cVaR (KRW) | cVaR/Port | cVaR/Pos | Note |
|---:|---|---:|---:|---:|---:|---:|---|
| 1 | 세아베스틸지주 | 2,448,000 | 0.2312 | 1,090,324 | 62.39% | 44.54% |  |
| 2 | 영원무역홀딩스 | 3,104,000 | 0.0760 | 288,315 | 16.50% | 9.29% |  |
| 3 | 삼성물산 | 1,794,000 | 0.0650 | 106,517 | 6.09% | 5.94% |  |
| 4 | 현대지에프홀딩스 | 757,800 | 0.0785 | 66,719 | 3.82% | 8.80% |  |
| 5 | 오리온홀딩스 | 739,800 | 0.0513 | 38,197 | 2.19% | 5.16% |  |
| 6 | 동아쏘시오홀딩스 | 1,020,000 | 0.0438 | 31,347 | 1.79% | 3.07% |  |
| 7 | 아모레퍼시픽홀딩스 | 464,400 | 0.0706 | 29,850 | 1.71% | 6.43% |  |
| 8 | LG디스플레이 | 1,023,960 | 0.0500 | 28,406 | 1.63% | 2.77% |  |
| 9 | 강원랜드 | 1,078,800 | 0.0379 | 28,175 | 1.61% | 2.61% |  |
| 10 | LG유플러스 | 956,040 | 0.0426 | 21,706 | 1.24% | 2.27% |  |

- Σ cVaR (all names) = 1,747,687 KRW
