# 포트폴리오 보고서 (기준일: 2026-01-14)

## 요약
- 포트폴리오 **누적 수익률**: **22.90%**  (V₀=11,045,878, Vₜ=13,888,880)
- 포트폴리오 **일일 수익률**: **1.40%**  (공통 거래일: 2026-01-13 → 2026-01-14)
- KOSPI **일일 수익률**: **1.23%**  (비교 기준일: 2025-09-16)
- **초과수익률(일일)**: **0.17%**

## 개별 종목 현황 (오늘 기준)

| name | code | shares | buy_price | last_date | close_last | r_i_cum | r_i_daily |
|---|---:|---:|---:|---|---:|---:|---:|
| KT | 030200 | 16 | 52,901 | 2026-01-14 | 53,000 | 0.19% | 0.19% |
| LG디스플레이 | 034220 | 84 | 11,940 | 2026-01-14 | 12,050 | 0.92% | -0.66% |
| LG유플러스 | 032640 | 62 | 14,955 | 2026-01-14 | 14,990 | 0.23% | 0.07% |
| 강원랜드 | 035250 | 60 | 18,291 | 2026-01-14 | 17,990 | -1.66% | -0.83% |
| 동아쏘시오홀딩스 | 000640 | 10 | 109,982 | 2026-01-14 | 105,900 | -3.78% | -0.09% |
| 삼성물산 | 028260 | 6 | 173,255 | 2026-01-14 | 283,500 | 49.24% | 3.59% |
| 세아베스틸지주 | 001430 | 32 | 27,976 | 2026-01-14 | 67,900 | 88.67% | -1.32% |
| 아모레퍼시픽홀딩스 | 002790 | 18 | 27,825 | 2026-01-14 | 26,350 | -5.45% | 1.53% |
| 영원무역홀딩스 | 009970 | 16 | 133,954 | 2026-01-14 | 194,700 | 37.40% | 3.34% |
| 오리온홀딩스 | 001800 | 36 | 21,026 | 2026-01-14 | 20,350 | -3.27% | 2.79% |
| 현대지에프홀딩스 | 005440 | 90 | 8,180 | 2026-01-14 | 8,500 | 3.84% | 6.31% |

## Beta (1Y, 일간 로그수익률)
- 기준일: **2026-01-14**, 윈도우: **2025-01-14 ~ 2026-01-14**

### 포트폴리오 Beta
- 관측치 수: **164**  (공통 거래일 기준)
- 기간: **2025-01-15 ~ 2025-09-16**
- **Beta (직접법)**: **0.6599**

### 개별 종목 Beta
| name | code | n | period | beta |
|---|---:|---:|---|---:|
| KT | 030200 | 165 | 2025-01-14 ~ 2025-09-16 | 0.2795 |
| LG디스플레이 | 034220 | 165 | 2025-01-14 ~ 2025-09-16 | 1.2787 |
| LG유플러스 | 032640 | 165 | 2025-01-14 ~ 2025-09-16 | 0.2124 |
| 강원랜드 | 035250 | 165 | 2025-01-14 ~ 2025-09-16 | 0.3835 |
| 동아쏘시오홀딩스 | 000640 | 165 | 2025-01-14 ~ 2025-09-16 | 0.2681 |
| 삼성물산 | 028260 | 165 | 2025-01-14 ~ 2025-09-16 | 1.0082 |
| 세아베스틸지주 | 001430 | 165 | 2025-01-14 ~ 2025-09-16 | 0.6908 |
| 아모레퍼시픽홀딩스 | 002790 | 165 | 2025-01-14 ~ 2025-09-16 | 0.8556 |
| 영원무역홀딩스 | 009970 | 165 | 2025-01-14 ~ 2025-09-16 | 0.8024 |
| 오리온홀딩스 | 001800 | 165 | 2025-01-14 ~ 2025-09-16 | 0.7793 |
| 현대지에프홀딩스 | 005440 | 165 | 2025-01-14 ~ 2025-09-16 | 0.8652 |

## EWMA Vol (1Y, λ=0.94, Daily)
- 기준일: **2026-01-14**, 윈도우: **2025-01-14 ~ 2026-01-14**
- 결과는 **일간 표준편차(σ)**이며 **연간화하지 않음**

| name | code | n | period | ewma_sigma_daily |
|---|---:|---:|---|---:|
| KT | 030200 | 243 | 2025-01-14 ~ 2026-01-14 | 0.014207 |
| LG디스플레이 | 034220 | 243 | 2025-01-14 ~ 2026-01-14 | 0.020238 |
| LG유플러스 | 032640 | 243 | 2025-01-14 ~ 2026-01-14 | 0.015162 |
| 강원랜드 | 035250 | 243 | 2025-01-14 ~ 2026-01-14 | 0.011498 |
| 동아쏘시오홀딩스 | 000640 | 243 | 2025-01-14 ~ 2026-01-14 | 0.012423 |
| 삼성물산 | 028260 | 243 | 2025-01-14 ~ 2026-01-14 | 0.024318 |
| 세아베스틸지주 | 001430 | 243 | 2025-01-14 ~ 2026-01-14 | 0.070325 |
| 아모레퍼시픽홀딩스 | 002790 | 243 | 2025-01-14 ~ 2026-01-14 | 0.024824 |
| 영원무역홀딩스 | 009970 | 243 | 2025-01-14 ~ 2026-01-14 | 0.028333 |
| 오리온홀딩스 | 001800 | 243 | 2025-01-14 ~ 2026-01-14 | 0.015069 |
| 현대지에프홀딩스 | 005440 | 243 | 2025-01-14 ~ 2026-01-14 | 0.024221 |
## 종목 간 상관관계 (1년)

- 기준일: 2026-01-14  | 기간: 2025-01-14 ~ 2026-01-14


| name | 동아쏘시오홀딩스 | 세아베스틸지주 | 오리온홀딩스 | 아모레퍼시픽홀딩스 | 현대지에프홀딩스 | 영원무역홀딩스 | 삼성물산 | KT | LG유플러스 | 강원랜드 | LG디스플레이 |
|---|---:|---:|---:|---:|---:|---:|---:|---:|---:|---:|---:|
| 동아쏘시오홀딩스 | 1.0000 | 0.0845 | 0.3324 | 0.1613 | 0.3534 | 0.2269 | 0.1685 | 0.0700 | 0.1353 | 0.1769 | 0.2066 |
| 세아베스틸지주 | 0.0845 | 1.0000 | 0.1282 | 0.1991 | 0.1348 | 0.0723 | 0.0602 | 0.0075 | 0.0303 | 0.0935 | 0.0388 |
| 오리온홀딩스 | 0.3324 | 0.1282 | 1.0000 | 0.3560 | 0.5783 | 0.3729 | 0.3066 | 0.2112 | 0.2432 | 0.2243 | 0.1414 |
| 아모레퍼시픽홀딩스 | 0.1613 | 0.1991 | 0.3560 | 1.0000 | 0.3008 | 0.1712 | 0.3222 | 0.1777 | 0.1260 | 0.2182 | 0.1515 |
| 현대지에프홀딩스 | 0.3534 | 0.1348 | 0.5783 | 0.3008 | 1.0000 | 0.4410 | 0.3805 | 0.2143 | 0.2022 | 0.3162 | 0.1668 |
| 영원무역홀딩스 | 0.2269 | 0.0723 | 0.3729 | 0.1712 | 0.4410 | 1.0000 | 0.2682 | 0.2430 | 0.1882 | 0.1754 | 0.1406 |
| 삼성물산 | 0.1685 | 0.0602 | 0.3066 | 0.3222 | 0.3805 | 0.2682 | 1.0000 | 0.1986 | 0.1166 | 0.1137 | 0.2537 |
| KT | 0.0700 | 0.0075 | 0.2112 | 0.1777 | 0.2143 | 0.2430 | 0.1986 | 1.0000 | 0.2905 | 0.1938 | 0.0847 |
| LG유플러스 | 0.1353 | 0.0303 | 0.2432 | 0.1260 | 0.2022 | 0.1882 | 0.1166 | 0.2905 | 1.0000 | 0.1976 | 0.1587 |
| 강원랜드 | 0.1769 | 0.0935 | 0.2243 | 0.2182 | 0.3162 | 0.1754 | 0.1137 | 0.1938 | 0.1976 | 1.0000 | 0.2436 |
| LG디스플레이 | 0.2066 | 0.0388 | 0.1414 | 0.1515 | 0.1668 | 0.1406 | 0.2537 | 0.0847 | 0.1587 | 0.2436 | 1.0000 |

## 포트폴리오 VaR (10-day, 99%) — 2026-01-14

- Total portfolio value (used): 13,888,880 KRW
- z-score: 2.33
- Portfolio σ (money, 10d): 749,242 KRW
- **Portfolio VaR (10d, 99%)**: **1,745,735 KRW**
- VaR / Portfolio value: **12.57%** → ✅ 15% 이하

## Top 10 Component VaR

| Rank | Name | Position (KRW) | σ10d | cVaR (KRW) | cVaR/Port | cVaR/Pos | Note |
|---:|---|---:|---:|---:|---:|---:|---|
| 1 | 세아베스틸지주 | 2,172,800 | 0.2566 | 1,063,443 | 60.92% | 48.94% |  |
| 2 | 영원무역홀딩스 | 3,115,200 | 0.0780 | 302,781 | 17.34% | 9.72% |  |
| 3 | 삼성물산 | 1,701,000 | 0.0707 | 112,362 | 6.44% | 6.61% |  |
| 4 | 현대지에프홀딩스 | 765,000 | 0.0787 | 69,570 | 3.99% | 9.09% |  |
| 5 | 오리온홀딩스 | 732,600 | 0.0468 | 35,057 | 2.01% | 4.79% |  |
| 6 | 아모레퍼시픽홀딩스 | 474,300 | 0.0768 | 33,211 | 1.90% | 7.00% |  |
| 7 | LG디스플레이 | 1,012,200 | 0.0527 | 31,252 | 1.79% | 3.09% |  |
| 8 | 동아쏘시오홀딩스 | 1,059,000 | 0.0404 | 30,604 | 1.75% | 2.89% |  |
| 9 | 강원랜드 | 1,079,400 | 0.0400 | 29,589 | 1.69% | 2.74% |  |
| 10 | LG유플러스 | 929,380 | 0.0424 | 21,178 | 1.21% | 2.28% |  |

- Σ cVaR (all names) = 1,745,735 KRW
