# 포트폴리오 보고서 (기준일: 2025-11-11)

## 요약
- 포트폴리오 **누적 수익률**: **4.66%**  (V₀=11,045,878, Vₜ=11,572,700)
- 포트폴리오 **일일 수익률**: **-1.00%**  (공통 거래일: 2025-11-10 → 2025-11-11)
- KOSPI **일일 수익률**: **0.81%**  (비교 기준일: 2025-11-11)
- **초과수익률(일일)**: **-1.81%**

## 개별 종목 현황 (오늘 기준)

| name | code | shares | buy_price | last_date | close_last | r_i_cum | r_i_daily |
|---|---:|---:|---:|---|---:|---:|---:|
| KT | 030200 | 16 | 52,901 | 2025-11-11 | 49,300 | -7.05% | 1.22% |
| LG디스플레이 | 034220 | 84 | 11,940 | 2025-11-11 | 13,490 | 12.21% | -1.76% |
| LG유플러스 | 032640 | 62 | 14,955 | 2025-11-11 | 15,680 | 4.73% | -3.32% |
| 강원랜드 | 035250 | 60 | 18,291 | 2025-11-11 | 17,160 | -6.38% | -0.47% |
| 동아쏘시오홀딩스 | 000640 | 10 | 109,982 | 2025-11-11 | 104,800 | -4.83% | -0.95% |
| 삼성물산 | 028260 | 6 | 173,255 | 2025-11-11 | 225,500 | 26.36% | 0.44% |
| 세아베스틸지주 | 001430 | 32 | 27,976 | 2025-11-11 | 27,200 | -2.81% | -1.64% |
| 아모레퍼시픽홀딩스 | 002790 | 18 | 27,825 | 2025-11-11 | 27,100 | -2.64% | -2.91% |
| 영원무역홀딩스 | 009970 | 16 | 133,954 | 2025-11-11 | 151,300 | 12.18% | -0.72% |
| 오리온홀딩스 | 001800 | 36 | 21,026 | 2025-11-11 | 19,630 | -6.87% | -2.86% |
| 현대지에프홀딩스 | 005440 | 90 | 8,180 | 2025-11-11 | 8,470 | 3.48% | 0.35% |

## Beta (1Y, 일간 로그수익률)
- 기준일: **2025-11-11**, 윈도우: **2024-11-11 ~ 2025-11-11**

### 포트폴리오 Beta
- 관측치 수: **242**  (공통 거래일 기준)
- 기간: **2024-11-12 ~ 2025-11-11**
- **Beta (직접법)**: **0.6116**

### 개별 종목 Beta
| name | code | n | period | beta |
|---|---:|---:|---|---:|
| KT | 030200 | 243 | 2024-11-11 ~ 2025-11-11 | 0.2793 |
| LG디스플레이 | 034220 | 243 | 2024-11-11 ~ 2025-11-11 | 1.1802 |
| LG유플러스 | 032640 | 243 | 2024-11-11 ~ 2025-11-11 | 0.2006 |
| 강원랜드 | 035250 | 243 | 2024-11-11 ~ 2025-11-11 | 0.3850 |
| 동아쏘시오홀딩스 | 000640 | 243 | 2024-11-11 ~ 2025-11-11 | 0.2351 |
| 삼성물산 | 028260 | 243 | 2024-11-11 ~ 2025-11-11 | 1.0977 |
| 세아베스틸지주 | 001430 | 243 | 2024-11-11 ~ 2025-11-11 | 0.5850 |
| 아모레퍼시픽홀딩스 | 002790 | 243 | 2024-11-11 ~ 2025-11-11 | 0.7672 |
| 영원무역홀딩스 | 009970 | 243 | 2024-11-11 ~ 2025-11-11 | 0.6341 |
| 오리온홀딩스 | 001800 | 243 | 2024-11-11 ~ 2025-11-11 | 0.6455 |
| 현대지에프홀딩스 | 005440 | 243 | 2024-11-11 ~ 2025-11-11 | 0.7894 |

## EWMA Vol (1Y, λ=0.94, Daily)
- 기준일: **2025-11-11**, 윈도우: **2024-11-11 ~ 2025-11-11**
- 결과는 **일간 표준편차(σ)**이며 **연간화하지 않음**

| name | code | n | period | ewma_sigma_daily |
|---|---:|---:|---|---:|
| KT | 030200 | 243 | 2024-11-11 ~ 2025-11-11 | 0.012175 |
| LG디스플레이 | 034220 | 243 | 2024-11-11 ~ 2025-11-11 | 0.031135 |
| LG유플러스 | 032640 | 243 | 2024-11-11 ~ 2025-11-11 | 0.021499 |
| 강원랜드 | 035250 | 243 | 2024-11-11 ~ 2025-11-11 | 0.010640 |
| 동아쏘시오홀딩스 | 000640 | 243 | 2024-11-11 ~ 2025-11-11 | 0.015792 |
| 삼성물산 | 028260 | 243 | 2024-11-11 ~ 2025-11-11 | 0.031865 |
| 세아베스틸지주 | 001430 | 243 | 2024-11-11 ~ 2025-11-11 | 0.030484 |
| 아모레퍼시픽홀딩스 | 002790 | 243 | 2024-11-11 ~ 2025-11-11 | 0.023785 |
| 영원무역홀딩스 | 009970 | 243 | 2024-11-11 ~ 2025-11-11 | 0.038829 |
| 오리온홀딩스 | 001800 | 243 | 2024-11-11 ~ 2025-11-11 | 0.019526 |
| 현대지에프홀딩스 | 005440 | 243 | 2024-11-11 ~ 2025-11-11 | 0.033346 |
## 종목 간 상관관계 (1년)

- 기준일: 2025-11-11  | 기간: 2024-11-11 ~ 2025-11-11


| name | 동아쏘시오홀딩스 | 세아베스틸지주 | 오리온홀딩스 | 아모레퍼시픽홀딩스 | 현대지에프홀딩스 | 영원무역홀딩스 | 삼성물산 | KT | LG유플러스 | 강원랜드 | LG디스플레이 |
|---|---:|---:|---:|---:|---:|---:|---:|---:|---:|---:|---:|
| 동아쏘시오홀딩스 | 1.0000 | 0.1831 | 0.3083 | 0.2001 | 0.3272 | 0.2516 | 0.1670 | 0.0245 | 0.0822 | 0.1550 | 0.1914 |
| 세아베스틸지주 | 0.1831 | 1.0000 | 0.2153 | 0.2875 | 0.2504 | 0.1988 | 0.0783 | 0.0763 | 0.0990 | 0.2949 | 0.1427 |
| 오리온홀딩스 | 0.3083 | 0.2153 | 1.0000 | 0.3879 | 0.5496 | 0.4065 | 0.3313 | 0.1628 | 0.2473 | 0.2468 | 0.1677 |
| 아모레퍼시픽홀딩스 | 0.2001 | 0.2875 | 0.3879 | 1.0000 | 0.3184 | 0.2316 | 0.3899 | 0.1540 | 0.1067 | 0.2888 | 0.2183 |
| 현대지에프홀딩스 | 0.3272 | 0.2504 | 0.5496 | 0.3184 | 1.0000 | 0.4778 | 0.3842 | 0.2204 | 0.2061 | 0.3305 | 0.1881 |
| 영원무역홀딩스 | 0.2516 | 0.1988 | 0.4065 | 0.2316 | 0.4778 | 1.0000 | 0.3034 | 0.2293 | 0.1832 | 0.1857 | 0.1717 |
| 삼성물산 | 0.1670 | 0.0783 | 0.3313 | 0.3899 | 0.3842 | 0.3034 | 1.0000 | 0.1814 | 0.1540 | 0.1985 | 0.2731 |
| KT | 0.0245 | 0.0763 | 0.1628 | 0.1540 | 0.2204 | 0.2293 | 0.1814 | 1.0000 | 0.3497 | 0.1899 | 0.0463 |
| LG유플러스 | 0.0822 | 0.0990 | 0.2473 | 0.1067 | 0.2061 | 0.1832 | 0.1540 | 0.3497 | 1.0000 | 0.2212 | 0.1461 |
| 강원랜드 | 0.1550 | 0.2949 | 0.2468 | 0.2888 | 0.3305 | 0.1857 | 0.1985 | 0.1899 | 0.2212 | 1.0000 | 0.3001 |
| LG디스플레이 | 0.1914 | 0.1427 | 0.1677 | 0.2183 | 0.1881 | 0.1717 | 0.2731 | 0.0463 | 0.1461 | 0.3001 | 1.0000 |

## 포트폴리오 VaR (10-day, 99%) — 2025-11-11

- Total portfolio value (used): 11,572,700 KRW
- z-score: 2.33
- Portfolio σ (money, 10d): 540,473 KRW
- **Portfolio VaR (10d, 99%)**: **1,259,302 KRW**
- VaR / Portfolio value: **10.88%** → ✅ 15% 이하

## Top 10 Component VaR

| Rank | Name | Position (KRW) | σ10d | cVaR (KRW) | cVaR/Port | cVaR/Pos | Note |
|---:|---|---:|---:|---:|---:|---:|---|
| 1 | 영원무역홀딩스 | 2,420,800 | 0.1055 | 476,266 | 37.82% | 19.67% |  |
| 2 | 삼성물산 | 1,353,000 | 0.0934 | 178,350 | 14.16% | 13.18% |  |
| 3 | 현대지에프홀딩스 | 762,300 | 0.1096 | 136,588 | 10.85% | 17.92% |  |
| 4 | 세아베스틸지주 | 870,400 | 0.1098 | 98,318 | 7.81% | 11.30% |  |
| 5 | LG디스플레이 | 1,133,160 | 0.0771 | 91,331 | 7.25% | 8.06% |  |
| 6 | LG유플러스 | 972,160 | 0.0705 | 62,281 | 4.95% | 6.41% |  |
| 7 | 오리온홀딩스 | 706,680 | 0.0614 | 61,931 | 4.92% | 8.76% |  |
| 8 | 동아쏘시오홀딩스 | 1,048,000 | 0.0507 | 53,329 | 4.23% | 5.09% |  |
| 9 | 아모레퍼시픽홀딩스 | 487,800 | 0.0748 | 42,090 | 3.34% | 8.63% |  |
| 10 | 강원랜드 | 1,029,600 | 0.0352 | 37,562 | 2.98% | 3.65% |  |

- Σ cVaR (all names) = 1,259,302 KRW
