# 포트폴리오 보고서 (기준일: 2025-10-21)

## 요약
- 포트폴리오 **누적 수익률**: **0.68%**  (V₀=11,045,878, Vₜ=11,120,820)
- 포트폴리오 **일일 수익률**: **-0.86%**  (공통 거래일: 2025-10-20 → 2025-10-21)
- KOSPI **일일 수익률**: **0.24%**  (비교 기준일: 2025-10-21)
- **초과수익률(일일)**: **-1.10%**

## 개별 종목 현황 (오늘 기준)

| name | code | shares | buy_price | last_date | close_last | r_i_cum | r_i_daily |
|---|---:|---:|---:|---|---:|---:|---:|
| KT | 030200 | 16 | 52,901 | 2025-10-21 | 50,500 | -4.64% | 0.00% |
| LG디스플레이 | 034220 | 84 | 11,940 | 2025-10-21 | 14,090 | 16.56% | -3.08% |
| LG유플러스 | 032640 | 62 | 14,955 | 2025-10-21 | 14,940 | -0.10% | -1.40% |
| 강원랜드 | 035250 | 60 | 18,291 | 2025-10-21 | 17,280 | -5.69% | -1.83% |
| 동아쏘시오홀딩스 | 000640 | 10 | 109,982 | 2025-10-21 | 105,900 | -3.78% | -0.56% |
| 삼성물산 | 028260 | 6 | 173,255 | 2025-10-21 | 204,500 | 16.58% | -1.70% |
| 세아베스틸지주 | 001430 | 32 | 27,976 | 2025-10-21 | 25,450 | -9.46% | 0.59% |
| 아모레퍼시픽홀딩스 | 002790 | 18 | 27,825 | 2025-10-21 | 25,150 | -10.11% | -1.97% |
| 영원무역홀딩스 | 009970 | 16 | 133,954 | 2025-10-21 | 137,100 | 2.32% | 0.81% |
| 오리온홀딩스 | 001800 | 36 | 21,026 | 2025-10-21 | 19,380 | -8.15% | -0.31% |
| 현대지에프홀딩스 | 005440 | 90 | 8,180 | 2025-10-21 | 8,020 | -1.98% | -1.49% |

## Beta (1Y, 일간 로그수익률)
- 기준일: **2025-10-21**, 윈도우: **2024-10-21 ~ 2025-10-21**

### 포트폴리오 Beta
- 관측치 수: **242**  (공통 거래일 기준)
- 기간: **2024-10-22 ~ 2025-10-21**
- **Beta (직접법)**: **0.6125**

### 개별 종목 Beta
| name | code | n | period | beta |
|---|---:|---:|---|---:|
| KT | 030200 | 243 | 2024-10-21 ~ 2025-10-21 | 0.2449 |
| LG디스플레이 | 034220 | 243 | 2024-10-21 ~ 2025-10-21 | 1.2733 |
| LG유플러스 | 032640 | 243 | 2024-10-21 ~ 2025-10-21 | 0.2458 |
| 강원랜드 | 035250 | 243 | 2024-10-21 ~ 2025-10-21 | 0.4048 |
| 동아쏘시오홀딩스 | 000640 | 243 | 2024-10-21 ~ 2025-10-21 | 0.2362 |
| 삼성물산 | 028260 | 243 | 2024-10-21 ~ 2025-10-21 | 1.1019 |
| 세아베스틸지주 | 001430 | 243 | 2024-10-21 ~ 2025-10-21 | 0.5991 |
| 아모레퍼시픽홀딩스 | 002790 | 243 | 2024-10-21 ~ 2025-10-21 | 0.8762 |
| 영원무역홀딩스 | 009970 | 243 | 2024-10-21 ~ 2025-10-21 | 0.5750 |
| 오리온홀딩스 | 001800 | 243 | 2024-10-21 ~ 2025-10-21 | 0.6336 |
| 현대지에프홀딩스 | 005440 | 243 | 2024-10-21 ~ 2025-10-21 | 0.7909 |

## EWMA Vol (1Y, λ=0.94, Daily)
- 기준일: **2025-10-21**, 윈도우: **2024-10-21 ~ 2025-10-21**
- 결과는 **일간 표준편차(σ)**이며 **연간화하지 않음**

| name | code | n | period | ewma_sigma_daily |
|---|---:|---:|---|---:|
| KT | 030200 | 243 | 2024-10-21 ~ 2025-10-21 | 0.013150 |
| LG디스플레이 | 034220 | 243 | 2024-10-21 ~ 2025-10-21 | 0.035695 |
| LG유플러스 | 032640 | 243 | 2024-10-21 ~ 2025-10-21 | 0.016175 |
| 강원랜드 | 035250 | 243 | 2024-10-21 ~ 2025-10-21 | 0.010490 |
| 동아쏘시오홀딩스 | 000640 | 243 | 2024-10-21 ~ 2025-10-21 | 0.016648 |
| 삼성물산 | 028260 | 243 | 2024-10-21 ~ 2025-10-21 | 0.027241 |
| 세아베스틸지주 | 001430 | 243 | 2024-10-21 ~ 2025-10-21 | 0.024720 |
| 아모레퍼시픽홀딩스 | 002790 | 243 | 2024-10-21 ~ 2025-10-21 | 0.015252 |
| 영원무역홀딩스 | 009970 | 243 | 2024-10-21 ~ 2025-10-21 | 0.018732 |
| 오리온홀딩스 | 001800 | 243 | 2024-10-21 ~ 2025-10-21 | 0.013743 |
| 현대지에프홀딩스 | 005440 | 243 | 2024-10-21 ~ 2025-10-21 | 0.027233 |
## 종목 간 상관관계 (1년)

- 기준일: 2025-10-21  | 기간: 2024-10-21 ~ 2025-10-21


| name | 동아쏘시오홀딩스 | 세아베스틸지주 | 오리온홀딩스 | 아모레퍼시픽홀딩스 | 현대지에프홀딩스 | 영원무역홀딩스 | 삼성물산 | KT | LG유플러스 | 강원랜드 | LG디스플레이 |
|---|---:|---:|---:|---:|---:|---:|---:|---:|---:|---:|---:|
| 동아쏘시오홀딩스 | 1.0000 | 0.1293 | 0.2862 | 0.2164 | 0.3100 | 0.2136 | 0.1085 | 0.0017 | 0.0734 | 0.1575 | 0.1801 |
| 세아베스틸지주 | 0.1293 | 1.0000 | 0.1777 | 0.2454 | 0.2443 | 0.2468 | 0.0854 | 0.0239 | 0.0561 | 0.2359 | 0.1274 |
| 오리온홀딩스 | 0.2862 | 0.1777 | 1.0000 | 0.3534 | 0.5000 | 0.3901 | 0.3101 | 0.1737 | 0.2363 | 0.2196 | 0.1467 |
| 아모레퍼시픽홀딩스 | 0.2164 | 0.2454 | 0.3534 | 1.0000 | 0.3232 | 0.2544 | 0.4470 | 0.1502 | 0.0847 | 0.2689 | 0.2510 |
| 현대지에프홀딩스 | 0.3100 | 0.2443 | 0.5000 | 0.3232 | 1.0000 | 0.3851 | 0.3766 | 0.1461 | 0.1750 | 0.2999 | 0.1607 |
| 영원무역홀딩스 | 0.2136 | 0.2468 | 0.3901 | 0.2544 | 0.3851 | 1.0000 | 0.2686 | 0.2029 | 0.1565 | 0.1376 | 0.1353 |
| 삼성물산 | 0.1085 | 0.0854 | 0.3101 | 0.4470 | 0.3766 | 0.2686 | 1.0000 | 0.1482 | 0.1488 | 0.1770 | 0.2539 |
| KT | 0.0017 | 0.0239 | 0.1737 | 0.1502 | 0.1461 | 0.2029 | 0.1482 | 1.0000 | 0.3894 | 0.1750 | 0.0144 |
| LG유플러스 | 0.0734 | 0.0561 | 0.2363 | 0.0847 | 0.1750 | 0.1565 | 0.1488 | 0.3894 | 1.0000 | 0.2137 | 0.1260 |
| 강원랜드 | 0.1575 | 0.2359 | 0.2196 | 0.2689 | 0.2999 | 0.1376 | 0.1770 | 0.1750 | 0.2137 | 1.0000 | 0.2990 |
| LG디스플레이 | 0.1801 | 0.1274 | 0.1467 | 0.2510 | 0.1607 | 0.1353 | 0.2539 | 0.0144 | 0.1260 | 0.2990 | 1.0000 |

## 포트폴리오 VaR (10-day, 99%) — 2025-10-21

- Total portfolio value (used): 11,120,820 KRW
- z-score: 2.33
- Portfolio σ (money, 10d): 380,761 KRW
- **Portfolio VaR (10d, 99%)**: **887,173 KRW**
- VaR / Portfolio value: **7.98%** → ✅ 15% 이하

## Top 10 Component VaR

| Rank | Name | Position (KRW) | σ10d | cVaR (KRW) | cVaR/Port | cVaR/Pos | Note |
|---:|---|---:|---:|---:|---:|---:|---|
| 1 | 영원무역홀딩스 | 2,193,600 | 0.0560 | 192,730 | 21.72% | 8.79% |  |
| 2 | 삼성물산 | 1,227,000 | 0.0858 | 154,180 | 17.38% | 12.57% |  |
| 3 | LG디스플레이 | 1,183,560 | 0.0896 | 134,066 | 15.11% | 11.33% |  |
| 4 | 현대지에프홀딩스 | 721,800 | 0.0900 | 99,527 | 11.22% | 13.79% |  |
| 5 | 세아베스틸지주 | 814,400 | 0.0875 | 74,212 | 8.36% | 9.11% |  |
| 6 | 동아쏘시오홀딩스 | 1,059,000 | 0.0532 | 57,021 | 6.43% | 5.38% |  |
| 7 | LG유플러스 | 926,280 | 0.0554 | 46,271 | 5.22% | 5.00% |  |
| 8 | 오리온홀딩스 | 697,680 | 0.0441 | 41,583 | 4.69% | 5.96% |  |
| 9 | 강원랜드 | 1,036,800 | 0.0349 | 39,204 | 4.42% | 3.78% |  |
| 10 | 아모레퍼시픽홀딩스 | 452,700 | 0.0478 | 27,343 | 3.08% | 6.04% |  |

- Σ cVaR (all names) = 887,173 KRW
