# 포트폴리오 보고서 (기준일: 2025-09-19)

## 요약
- 포트폴리오 **누적 수익률**: **4.03%**  (V₀=11,045,878, Vₜ=11,500,520)
- 포트폴리오 **일일 수익률**: **1.06%**  (공통 거래일: 2025-09-18 → 2025-09-19)
- KOSPI **일일 수익률**: **-0.47%**  (비교 기준일: 2025-09-19)
- **초과수익률(일일)**: **1.52%**

## 개별 종목 현황 (오늘 기준)

| name | code | shares | buy_price | last_date | close_last | r_i_cum | r_i_daily |
|---|---:|---:|---:|---|---:|---:|---:|
| KT | 030200 | 16 | 52,901 | 2025-09-19 | 50,800 | -4.05% | -1.17% |
| LG디스플레이 | 034220 | 84 | 11,940 | 2025-09-19 | 13,040 | 8.81% | -0.38% |
| LG유플러스 | 032640 | 62 | 14,955 | 2025-09-19 | 15,180 | 1.49% | 2.13% |
| 강원랜드 | 035250 | 60 | 18,291 | 2025-09-19 | 18,210 | -0.44% | 0.22% |
| 동아쏘시오홀딩스 | 000640 | 10 | 109,982 | 2025-09-19 | 116,200 | 5.50% | 5.03% |
| 삼성물산 | 028260 | 6 | 173,255 | 2025-09-19 | 196,400 | 12.54% | -0.15% |
| 세아베스틸지주 | 001430 | 32 | 27,976 | 2025-09-19 | 26,100 | -6.94% | 0.00% |
| 아모레퍼시픽홀딩스 | 002790 | 18 | 27,825 | 2025-09-19 | 27,450 | -1.36% | -1.98% |
| 영원무역홀딩스 | 009970 | 16 | 133,954 | 2025-09-19 | 147,600 | 9.70% | 3.52% |
| 오리온홀딩스 | 001800 | 36 | 21,026 | 2025-09-19 | 21,100 | 0.35% | -0.47% |
| 현대지에프홀딩스 | 005440 | 90 | 8,180 | 2025-09-19 | 8,530 | 4.19% | -1.40% |

## Beta (1Y, 일간 로그수익률)
- 기준일: **2025-09-19**, 윈도우: **2024-09-19 ~ 2025-09-19**

### 포트폴리오 Beta
- 관측치 수: **244**  (공통 거래일 기준)
- 기간: **2024-09-20 ~ 2025-09-19**
- **Beta (직접법)**: **0.6398**

### 개별 종목 Beta
| name | code | n | period | beta |
|---|---:|---:|---|---:|
| KT | 030200 | 245 | 2024-09-19 ~ 2025-09-19 | 0.2765 |
| LG디스플레이 | 034220 | 245 | 2024-09-19 ~ 2025-09-19 | 1.3124 |
| LG유플러스 | 032640 | 245 | 2024-09-19 ~ 2025-09-19 | 0.2505 |
| 강원랜드 | 035250 | 245 | 2024-09-19 ~ 2025-09-19 | 0.4092 |
| 동아쏘시오홀딩스 | 000640 | 245 | 2024-09-19 ~ 2025-09-19 | 0.2820 |
| 삼성물산 | 028260 | 245 | 2024-09-19 ~ 2025-09-19 | 1.0650 |
| 세아베스틸지주 | 001430 | 245 | 2024-09-19 ~ 2025-09-19 | 0.7037 |
| 아모레퍼시픽홀딩스 | 002790 | 245 | 2024-09-19 ~ 2025-09-19 | 0.8906 |
| 영원무역홀딩스 | 009970 | 245 | 2024-09-19 ~ 2025-09-19 | 0.6223 |
| 오리온홀딩스 | 001800 | 245 | 2024-09-19 ~ 2025-09-19 | 0.6626 |
| 현대지에프홀딩스 | 005440 | 245 | 2024-09-19 ~ 2025-09-19 | 0.8454 |

## EWMA Vol (1Y, λ=0.94, Daily)
- 기준일: **2025-09-19**, 윈도우: **2024-09-19 ~ 2025-09-19**
- 결과는 **일간 표준편차(σ)**이며 **연간화하지 않음**

| name | code | n | period | ewma_sigma_daily |
|---|---:|---:|---|---:|
| KT | 030200 | 245 | 2024-09-19 ~ 2025-09-19 | 0.012840 |
| LG디스플레이 | 034220 | 245 | 2024-09-19 ~ 2025-09-19 | 0.037990 |
| LG유플러스 | 032640 | 245 | 2024-09-19 ~ 2025-09-19 | 0.018350 |
| 강원랜드 | 035250 | 245 | 2024-09-19 ~ 2025-09-19 | 0.009182 |
| 동아쏘시오홀딩스 | 000640 | 245 | 2024-09-19 ~ 2025-09-19 | 0.022008 |
| 삼성물산 | 028260 | 245 | 2024-09-19 ~ 2025-09-19 | 0.022604 |
| 세아베스틸지주 | 001430 | 245 | 2024-09-19 ~ 2025-09-19 | 0.018616 |
| 아모레퍼시픽홀딩스 | 002790 | 245 | 2024-09-19 ~ 2025-09-19 | 0.016188 |
| 영원무역홀딩스 | 009970 | 245 | 2024-09-19 ~ 2025-09-19 | 0.023831 |
| 오리온홀딩스 | 001800 | 245 | 2024-09-19 ~ 2025-09-19 | 0.016977 |
| 현대지에프홀딩스 | 005440 | 245 | 2024-09-19 ~ 2025-09-19 | 0.033579 |
## 종목 간 상관관계 (1년)

- 기준일: 2025-09-19  | 기간: 2024-09-19 ~ 2025-09-19


| name | 동아쏘시오홀딩스 | 세아베스틸지주 | 오리온홀딩스 | 아모레퍼시픽홀딩스 | 현대지에프홀딩스 | 영원무역홀딩스 | 삼성물산 | KT | LG유플러스 | 강원랜드 | LG디스플레이 |
|---|---:|---:|---:|---:|---:|---:|---:|---:|---:|---:|---:|
| 동아쏘시오홀딩스 | 1.0000 | 0.1083 | 0.2718 | 0.2025 | 0.3155 | 0.2141 | 0.1436 | -0.0006 | 0.0560 | 0.1662 | 0.2086 |
| 세아베스틸지주 | 0.1083 | 1.0000 | 0.1744 | 0.2186 | 0.2456 | 0.2171 | 0.1061 | 0.0253 | 0.0689 | 0.2371 | 0.1866 |
| 오리온홀딩스 | 0.2718 | 0.1744 | 1.0000 | 0.3436 | 0.4753 | 0.3665 | 0.3063 | 0.1649 | 0.2335 | 0.1943 | 0.1613 |
| 아모레퍼시픽홀딩스 | 0.2025 | 0.2186 | 0.3436 | 1.0000 | 0.2729 | 0.2355 | 0.4164 | 0.1117 | 0.0680 | 0.2541 | 0.2696 |
| 현대지에프홀딩스 | 0.3155 | 0.2456 | 0.4753 | 0.2729 | 1.0000 | 0.3851 | 0.4143 | 0.1698 | 0.1576 | 0.2979 | 0.1772 |
| 영원무역홀딩스 | 0.2141 | 0.2171 | 0.3665 | 0.2355 | 0.3851 | 1.0000 | 0.3032 | 0.1900 | 0.1517 | 0.1293 | 0.1688 |
| 삼성물산 | 0.1436 | 0.1061 | 0.3063 | 0.4164 | 0.4143 | 0.3032 | 1.0000 | 0.1607 | 0.1399 | 0.1999 | 0.2597 |
| KT | -0.0006 | 0.0253 | 0.1649 | 0.1117 | 0.1698 | 0.1900 | 0.1607 | 1.0000 | 0.3984 | 0.1597 | 0.0364 |
| LG유플러스 | 0.0560 | 0.0689 | 0.2335 | 0.0680 | 0.1576 | 0.1517 | 0.1399 | 0.3984 | 1.0000 | 0.1928 | 0.1027 |
| 강원랜드 | 0.1662 | 0.2371 | 0.1943 | 0.2541 | 0.2979 | 0.1293 | 0.1999 | 0.1597 | 0.1928 | 1.0000 | 0.3022 |
| LG디스플레이 | 0.2086 | 0.1866 | 0.1613 | 0.2696 | 0.1772 | 0.1688 | 0.2597 | 0.0364 | 0.1027 | 0.3022 | 1.0000 |

## 포트폴리오 VaR (10-day, 99%) — 2025-09-19

- Total portfolio value (used): 11,500,520 KRW
- z-score: 2.33
- Portfolio σ (money, 10d): 427,829 KRW
- **Portfolio VaR (10d, 99%)**: **996,842 KRW**
- VaR / Portfolio value: **8.67%** → ✅ 15% 이하

## Top 10 Component VaR

| Rank | Name | Position (KRW) | σ10d | cVaR (KRW) | cVaR/Port | cVaR/Pos | Note |
|---:|---|---:|---:|---:|---:|---:|---|
| 1 | 영원무역홀딩스 | 2,361,600 | 0.0699 | 279,516 | 28.04% | 11.84% |  |
| 2 | 현대지에프홀딩스 | 767,700 | 0.1126 | 138,088 | 13.85% | 17.99% |  |
| 3 | 삼성물산 | 1,178,400 | 0.0740 | 123,334 | 12.37% | 10.47% |  |
| 4 | LG디스플레이 | 1,095,360 | 0.0914 | 122,039 | 12.24% | 11.14% |  |
| 5 | 동아쏘시오홀딩스 | 1,162,000 | 0.0676 | 88,105 | 8.84% | 7.58% |  |
| 6 | 오리온홀딩스 | 759,600 | 0.0529 | 54,728 | 5.49% | 7.20% |  |
| 7 | LG유플러스 | 941,160 | 0.0648 | 53,037 | 5.32% | 5.64% |  |
| 8 | 세아베스틸지주 | 835,200 | 0.0661 | 52,402 | 5.26% | 6.27% |  |
| 9 | 강원랜드 | 1,092,600 | 0.0310 | 34,224 | 3.43% | 3.13% |  |
| 10 | 아모레퍼시픽홀딩스 | 494,100 | 0.0529 | 29,888 | 3.00% | 6.05% |  |

- Σ cVaR (all names) = 996,842 KRW
