# 포트폴리오 보고서 (기준일: 2025-11-13)

## 요약
- 포트폴리오 **누적 수익률**: **6.65%**  (V₀=11,045,878, Vₜ=11,805,500)
- 포트폴리오 **일일 수익률**: **0.17%**  (공통 거래일: 2025-11-12 → 2025-11-13)
- KOSPI **일일 수익률**: **0.49%**  (비교 기준일: 2025-11-13)
- **초과수익률(일일)**: **-0.32%**

## 개별 종목 현황 (오늘 기준)

| name | code | shares | buy_price | last_date | close_last | r_i_cum | r_i_daily |
|---|---:|---:|---:|---|---:|---:|---:|
| KT | 030200 | 16 | 52,901 | 2025-11-13 | 50,700 | -4.25% | 2.50% |
| LG디스플레이 | 034220 | 84 | 11,940 | 2025-11-13 | 13,460 | 11.98% | -1.03% |
| LG유플러스 | 032640 | 62 | 14,955 | 2025-11-13 | 15,380 | 2.80% | -1.10% |
| 강원랜드 | 035250 | 60 | 18,291 | 2025-11-13 | 17,440 | -4.76% | -1.08% |
| 동아쏘시오홀딩스 | 000640 | 10 | 109,982 | 2025-11-13 | 107,500 | -2.28% | -0.56% |
| 삼성물산 | 028260 | 6 | 173,255 | 2025-11-13 | 225,000 | 26.13% | -1.54% |
| 세아베스틸지주 | 001430 | 32 | 27,976 | 2025-11-13 | 28,750 | 2.73% | -0.35% |
| 아모레퍼시픽홀딩스 | 002790 | 18 | 27,825 | 2025-11-13 | 27,600 | -0.81% | -0.36% |
| 영원무역홀딩스 | 009970 | 16 | 133,954 | 2025-11-13 | 157,600 | 16.26% | 4.08% |
| 오리온홀딩스 | 001800 | 36 | 21,026 | 2025-11-13 | 20,000 | -5.00% | -1.73% |
| 현대지에프홀딩스 | 005440 | 90 | 8,180 | 2025-11-13 | 8,670 | 5.82% | -2.84% |

## Beta (1Y, 일간 로그수익률)
- 기준일: **2025-11-13**, 윈도우: **2024-11-13 ~ 2025-11-13**

### 포트폴리오 Beta
- 관측치 수: **242**  (공통 거래일 기준)
- 기간: **2024-11-14 ~ 2025-11-13**
- **Beta (직접법)**: **0.6078**

### 개별 종목 Beta
| name | code | n | period | beta |
|---|---:|---:|---|---:|
| KT | 030200 | 243 | 2024-11-13 ~ 2025-11-13 | 0.2998 |
| LG디스플레이 | 034220 | 243 | 2024-11-13 ~ 2025-11-13 | 1.1812 |
| LG유플러스 | 032640 | 243 | 2024-11-13 ~ 2025-11-13 | 0.1983 |
| 강원랜드 | 035250 | 243 | 2024-11-13 ~ 2025-11-13 | 0.3941 |
| 동아쏘시오홀딩스 | 000640 | 243 | 2024-11-13 ~ 2025-11-13 | 0.2266 |
| 삼성물산 | 028260 | 243 | 2024-11-13 ~ 2025-11-13 | 1.1012 |
| 세아베스틸지주 | 001430 | 243 | 2024-11-13 ~ 2025-11-13 | 0.5935 |
| 아모레퍼시픽홀딩스 | 002790 | 243 | 2024-11-13 ~ 2025-11-13 | 0.7506 |
| 영원무역홀딩스 | 009970 | 243 | 2024-11-13 ~ 2025-11-13 | 0.6322 |
| 오리온홀딩스 | 001800 | 243 | 2024-11-13 ~ 2025-11-13 | 0.6559 |
| 현대지에프홀딩스 | 005440 | 243 | 2024-11-13 ~ 2025-11-13 | 0.7804 |

## EWMA Vol (1Y, λ=0.94, Daily)
- 기준일: **2025-11-13**, 윈도우: **2024-11-13 ~ 2025-11-13**
- 결과는 **일간 표준편차(σ)**이며 **연간화하지 않음**

| name | code | n | period | ewma_sigma_daily |
|---|---:|---:|---|---:|
| KT | 030200 | 243 | 2024-11-13 ~ 2025-11-13 | 0.012996 |
| LG디스플레이 | 034220 | 243 | 2024-11-13 ~ 2025-11-13 | 0.029440 |
| LG유플러스 | 032640 | 243 | 2024-11-13 ~ 2025-11-13 | 0.020483 |
| 강원랜드 | 035250 | 243 | 2024-11-13 ~ 2025-11-13 | 0.012176 |
| 동아쏘시오홀딩스 | 000640 | 243 | 2024-11-13 ~ 2025-11-13 | 0.016626 |
| 삼성물산 | 028260 | 243 | 2024-11-13 ~ 2025-11-13 | 0.030353 |
| 세아베스틸지주 | 001430 | 243 | 2024-11-13 ~ 2025-11-13 | 0.031898 |
| 아모레퍼시픽홀딩스 | 002790 | 243 | 2024-11-13 ~ 2025-11-13 | 0.022971 |
| 영원무역홀딩스 | 009970 | 243 | 2024-11-13 ~ 2025-11-13 | 0.037842 |
| 오리온홀딩스 | 001800 | 243 | 2024-11-13 ~ 2025-11-13 | 0.020691 |
| 현대지에프홀딩스 | 005440 | 243 | 2024-11-13 ~ 2025-11-13 | 0.034383 |
## 종목 간 상관관계 (1년)

- 기준일: 2025-11-13  | 기간: 2024-11-13 ~ 2025-11-13


| name | 동아쏘시오홀딩스 | 세아베스틸지주 | 오리온홀딩스 | 아모레퍼시픽홀딩스 | 현대지에프홀딩스 | 영원무역홀딩스 | 삼성물산 | KT | LG유플러스 | 강원랜드 | LG디스플레이 |
|---|---:|---:|---:|---:|---:|---:|---:|---:|---:|---:|---:|
| 동아쏘시오홀딩스 | 1.0000 | 0.1918 | 0.3162 | 0.1950 | 0.3289 | 0.2422 | 0.1655 | 0.0323 | 0.0765 | 0.1676 | 0.1878 |
| 세아베스틸지주 | 0.1918 | 1.0000 | 0.2275 | 0.2999 | 0.2596 | 0.1953 | 0.0816 | 0.0565 | 0.0862 | 0.3107 | 0.1426 |
| 오리온홀딩스 | 0.3162 | 0.2275 | 1.0000 | 0.3937 | 0.5583 | 0.3937 | 0.3333 | 0.1709 | 0.2448 | 0.2589 | 0.1685 |
| 아모레퍼시픽홀딩스 | 0.1950 | 0.2999 | 0.3937 | 1.0000 | 0.3138 | 0.2204 | 0.3874 | 0.2066 | 0.1109 | 0.2952 | 0.2131 |
| 현대지에프홀딩스 | 0.3289 | 0.2596 | 0.5583 | 0.3138 | 1.0000 | 0.4589 | 0.3839 | 0.2316 | 0.2021 | 0.3448 | 0.1849 |
| 영원무역홀딩스 | 0.2422 | 0.1953 | 0.3937 | 0.2204 | 0.4589 | 1.0000 | 0.2931 | 0.2660 | 0.1786 | 0.1755 | 0.1646 |
| 삼성물산 | 0.1655 | 0.0816 | 0.3333 | 0.3874 | 0.3839 | 0.2931 | 1.0000 | 0.1977 | 0.1564 | 0.2018 | 0.2718 |
| KT | 0.0323 | 0.0565 | 0.1709 | 0.2066 | 0.2316 | 0.2660 | 0.1977 | 1.0000 | 0.3376 | 0.2042 | 0.0539 |
| LG유플러스 | 0.0765 | 0.0862 | 0.2448 | 0.1109 | 0.2021 | 0.1786 | 0.1564 | 0.3376 | 1.0000 | 0.2190 | 0.1469 |
| 강원랜드 | 0.1676 | 0.3107 | 0.2589 | 0.2952 | 0.3448 | 0.1755 | 0.2018 | 0.2042 | 0.2190 | 1.0000 | 0.3005 |
| LG디스플레이 | 0.1878 | 0.1426 | 0.1685 | 0.2131 | 0.1849 | 0.1646 | 0.2718 | 0.0539 | 0.1469 | 0.3005 | 1.0000 |

## 포트폴리오 VaR (10-day, 99%) — 2025-11-13

- Total portfolio value (used): 11,805,500 KRW
- z-score: 2.33
- Portfolio σ (money, 10d): 546,962 KRW
- **Portfolio VaR (10d, 99%)**: **1,274,420 KRW**
- VaR / Portfolio value: **10.80%** → ✅ 15% 이하

## Top 10 Component VaR

| Rank | Name | Position (KRW) | σ10d | cVaR (KRW) | cVaR/Port | cVaR/Pos | Note |
|---:|---|---:|---:|---:|---:|---:|---|
| 1 | 영원무역홀딩스 | 2,521,600 | 0.1024 | 477,576 | 37.47% | 18.94% |  |
| 2 | 삼성물산 | 1,350,000 | 0.0883 | 163,956 | 12.87% | 12.14% |  |
| 3 | 현대지에프홀딩스 | 780,300 | 0.1122 | 143,379 | 11.25% | 18.37% |  |
| 4 | 세아베스틸지주 | 920,000 | 0.1146 | 113,334 | 8.89% | 12.32% |  |
| 5 | LG디스플레이 | 1,130,640 | 0.0727 | 83,307 | 6.54% | 7.37% |  |
| 6 | 오리온홀딩스 | 720,000 | 0.0650 | 67,406 | 5.29% | 9.36% |  |
| 7 | LG유플러스 | 953,560 | 0.0671 | 56,427 | 4.43% | 5.92% |  |
| 8 | 동아쏘시오홀딩스 | 1,075,000 | 0.0515 | 55,873 | 4.38% | 5.20% |  |
| 9 | 강원랜드 | 1,046,400 | 0.0402 | 45,053 | 3.54% | 4.31% |  |
| 10 | 아모레퍼시픽홀딩스 | 496,800 | 0.0722 | 41,338 | 3.24% | 8.32% |  |

- Σ cVaR (all names) = 1,274,420 KRW
