# 포트폴리오 보고서 (기준일: 2025-11-17)

## 요약
- 포트폴리오 **누적 수익률**: **6.65%**  (V₀=11,045,878, Vₜ=11,804,880)
- 포트폴리오 **일일 수익률**: **0.47%**  (공통 거래일: 2025-11-14 → 2025-11-17)
- KOSPI **일일 수익률**: **1.92%**  (비교 기준일: 2025-11-17)
- **초과수익률(일일)**: **-1.45%**

## 개별 종목 현황 (오늘 기준)

| name | code | shares | buy_price | last_date | close_last | r_i_cum | r_i_daily |
|---|---:|---:|---:|---|---:|---:|---:|
| KT | 030200 | 16 | 52,901 | 2025-11-17 | 49,900 | -5.84% | -0.40% |
| LG디스플레이 | 034220 | 84 | 11,940 | 2025-11-17 | 12,910 | 7.81% | -2.15% |
| LG유플러스 | 032640 | 62 | 14,955 | 2025-11-17 | 15,580 | 4.09% | 0.13% |
| 강원랜드 | 035250 | 60 | 18,291 | 2025-11-17 | 17,300 | -5.57% | 0.06% |
| 동아쏘시오홀딩스 | 000640 | 10 | 109,982 | 2025-11-17 | 107,700 | -2.10% | 0.19% |
| 삼성물산 | 028260 | 6 | 173,255 | 2025-11-17 | 220,500 | 24.11% | 0.45% |
| 세아베스틸지주 | 001430 | 32 | 27,976 | 2025-11-17 | 28,050 | 0.26% | -0.53% |
| 아모레퍼시픽홀딩스 | 002790 | 18 | 27,825 | 2025-11-17 | 27,650 | -0.63% | 0.91% |
| 영원무역홀딩스 | 009970 | 16 | 133,954 | 2025-11-17 | 165,300 | 21.03% | 2.33% |
| 오리온홀딩스 | 001800 | 36 | 21,026 | 2025-11-17 | 19,830 | -5.86% | 1.63% |
| 현대지에프홀딩스 | 005440 | 90 | 8,180 | 2025-11-17 | 8,490 | 3.72% | 0.00% |

## Beta (1Y, 일간 로그수익률)
- 기준일: **2025-11-17**, 윈도우: **2024-11-17 ~ 2025-11-17**

### 포트폴리오 Beta
- 관측치 수: **241**  (공통 거래일 기준)
- 기간: **2024-11-19 ~ 2025-11-17**
- **Beta (직접법)**: **0.5877**

### 개별 종목 Beta
| name | code | n | period | beta |
|---|---:|---:|---|---:|
| KT | 030200 | 242 | 2024-11-18 ~ 2025-11-17 | 0.2866 |
| LG디스플레이 | 034220 | 242 | 2024-11-18 ~ 2025-11-17 | 1.1477 |
| LG유플러스 | 032640 | 242 | 2024-11-18 ~ 2025-11-17 | 0.1793 |
| 강원랜드 | 035250 | 242 | 2024-11-18 ~ 2025-11-17 | 0.3740 |
| 동아쏘시오홀딩스 | 000640 | 242 | 2024-11-18 ~ 2025-11-17 | 0.2046 |
| 삼성물산 | 028260 | 242 | 2024-11-18 ~ 2025-11-17 | 1.0802 |
| 세아베스틸지주 | 001430 | 242 | 2024-11-18 ~ 2025-11-17 | 0.5533 |
| 아모레퍼시픽홀딩스 | 002790 | 242 | 2024-11-18 ~ 2025-11-17 | 0.7442 |
| 영원무역홀딩스 | 009970 | 242 | 2024-11-18 ~ 2025-11-17 | 0.5913 |
| 오리온홀딩스 | 001800 | 242 | 2024-11-18 ~ 2025-11-17 | 0.6604 |
| 현대지에프홀딩스 | 005440 | 242 | 2024-11-18 ~ 2025-11-17 | 0.7644 |

## EWMA Vol (1Y, λ=0.94, Daily)
- 기준일: **2025-11-17**, 윈도우: **2024-11-17 ~ 2025-11-17**
- 결과는 **일간 표준편차(σ)**이며 **연간화하지 않음**

| name | code | n | period | ewma_sigma_daily |
|---|---:|---:|---|---:|
| KT | 030200 | 242 | 2024-11-18 ~ 2025-11-17 | 0.012577 |
| LG디스플레이 | 034220 | 242 | 2024-11-18 ~ 2025-11-17 | 0.028576 |
| LG유플러스 | 032640 | 242 | 2024-11-18 ~ 2025-11-17 | 0.019454 |
| 강원랜드 | 035250 | 242 | 2024-11-18 ~ 2025-11-17 | 0.011629 |
| 동아쏘시오홀딩스 | 000640 | 242 | 2024-11-18 ~ 2025-11-17 | 0.015635 |
| 삼성물산 | 028260 | 242 | 2024-11-18 ~ 2025-11-17 | 0.029152 |
| 세아베스틸지주 | 001430 | 242 | 2024-11-18 ~ 2025-11-17 | 0.030361 |
| 아모레퍼시픽홀딩스 | 002790 | 242 | 2024-11-18 ~ 2025-11-17 | 0.021776 |
| 영원무역홀딩스 | 009970 | 242 | 2024-11-18 ~ 2025-11-17 | 0.036490 |
| 오리온홀딩스 | 001800 | 242 | 2024-11-18 ~ 2025-11-17 | 0.020709 |
| 현대지에프홀딩스 | 005440 | 242 | 2024-11-18 ~ 2025-11-17 | 0.032701 |
## 종목 간 상관관계 (1년)

- 기준일: 2025-11-17  | 기간: 2024-11-17 ~ 2025-11-17


| name | 동아쏘시오홀딩스 | 세아베스틸지주 | 오리온홀딩스 | 아모레퍼시픽홀딩스 | 현대지에프홀딩스 | 영원무역홀딩스 | 삼성물산 | KT | LG유플러스 | 강원랜드 | LG디스플레이 |
|---|---:|---:|---:|---:|---:|---:|---:|---:|---:|---:|---:|
| 동아쏘시오홀딩스 | 1.0000 | 0.1856 | 0.3146 | 0.1970 | 0.3253 | 0.2403 | 0.1594 | 0.0250 | 0.0746 | 0.1567 | 0.1836 |
| 세아베스틸지주 | 0.1856 | 1.0000 | 0.2151 | 0.3055 | 0.2498 | 0.1878 | 0.0840 | 0.0740 | 0.0819 | 0.3036 | 0.1335 |
| 오리온홀딩스 | 0.3146 | 0.2151 | 1.0000 | 0.3956 | 0.5561 | 0.3885 | 0.3407 | 0.1865 | 0.2399 | 0.2587 | 0.1633 |
| 아모레퍼시픽홀딩스 | 0.1970 | 0.3055 | 0.3956 | 1.0000 | 0.3152 | 0.2199 | 0.3915 | 0.2146 | 0.1098 | 0.3010 | 0.2125 |
| 현대지에프홀딩스 | 0.3253 | 0.2498 | 0.5561 | 0.3152 | 1.0000 | 0.4524 | 0.3873 | 0.2430 | 0.1980 | 0.3416 | 0.1819 |
| 영원무역홀딩스 | 0.2403 | 0.1878 | 0.3885 | 0.2199 | 0.4524 | 1.0000 | 0.2863 | 0.2616 | 0.1798 | 0.1717 | 0.1565 |
| 삼성물산 | 0.1594 | 0.0840 | 0.3407 | 0.3915 | 0.3873 | 0.2863 | 1.0000 | 0.1915 | 0.1517 | 0.1968 | 0.2740 |
| KT | 0.0250 | 0.0740 | 0.1865 | 0.2146 | 0.2430 | 0.2616 | 0.1915 | 1.0000 | 0.3391 | 0.2034 | 0.0630 |
| LG유플러스 | 0.0746 | 0.0819 | 0.2399 | 0.1098 | 0.1980 | 0.1798 | 0.1517 | 0.3391 | 1.0000 | 0.2156 | 0.1432 |
| 강원랜드 | 0.1567 | 0.3036 | 0.2587 | 0.3010 | 0.3416 | 0.1717 | 0.1968 | 0.2034 | 0.2156 | 1.0000 | 0.2970 |
| LG디스플레이 | 0.1836 | 0.1335 | 0.1633 | 0.2125 | 0.1819 | 0.1565 | 0.2740 | 0.0630 | 0.1432 | 0.2970 | 1.0000 |

## 포트폴리오 VaR (10-day, 99%) — 2025-11-17

- Total portfolio value (used): 11,804,880 KRW
- z-score: 2.33
- Portfolio σ (money, 10d): 534,445 KRW
- **Portfolio VaR (10d, 99%)**: **1,245,256 KRW**
- VaR / Portfolio value: **10.55%** → ✅ 15% 이하

## Top 10 Component VaR

| Rank | Name | Position (KRW) | σ10d | cVaR (KRW) | cVaR/Port | cVaR/Pos | Note |
|---:|---|---:|---:|---:|---:|---:|---|
| 1 | 영원무역홀딩스 | 2,644,800 | 0.1011 | 502,673 | 40.37% | 19.01% |  |
| 2 | 삼성물산 | 1,323,000 | 0.0854 | 153,115 | 12.30% | 11.57% |  |
| 3 | 현대지에프홀딩스 | 764,100 | 0.1062 | 131,307 | 10.54% | 17.18% |  |
| 4 | 세아베스틸지주 | 897,600 | 0.1102 | 102,998 | 8.27% | 11.47% |  |
| 5 | LG디스플레이 | 1,084,440 | 0.0721 | 77,019 | 6.18% | 7.10% |  |
| 6 | 오리온홀딩스 | 713,880 | 0.0648 | 66,221 | 5.32% | 9.28% |  |
| 7 | LG유플러스 | 965,960 | 0.0638 | 53,684 | 4.31% | 5.56% |  |
| 8 | 동아쏘시오홀딩스 | 1,077,000 | 0.0482 | 51,123 | 4.11% | 4.75% |  |
| 9 | 강원랜드 | 1,038,000 | 0.0384 | 41,548 | 3.34% | 4.00% |  |
| 10 | 아모레퍼시픽홀딩스 | 497,700 | 0.0683 | 39,034 | 3.13% | 7.84% |  |

- Σ cVaR (all names) = 1,245,256 KRW
