# 포트폴리오 보고서 (기준일: 2026-01-28)

## 요약
- 포트폴리오 **누적 수익률**: **25.51%**  (V₀=11,045,878, Vₜ=14,255,760)
- 포트폴리오 **일일 수익률**: **0.42%**  (공통 거래일: 2026-01-27 → 2026-01-28)
- KOSPI **일일 수익률**: **1.23%**  (비교 기준일: 2025-09-16)
- **초과수익률(일일)**: **-0.82%**

## 개별 종목 현황 (오늘 기준)

| name | code | shares | buy_price | last_date | close_last | r_i_cum | r_i_daily |
|---|---:|---:|---:|---|---:|---:|---:|
| KT | 030200 | 16 | 52,901 | 2026-01-28 | 55,900 | 5.51% | -0.18% |
| LG디스플레이 | 034220 | 84 | 11,940 | 2026-01-28 | 12,130 | 1.58% | -1.31% |
| LG유플러스 | 032640 | 62 | 14,955 | 2026-01-28 | 16,020 | 6.88% | -1.86% |
| 강원랜드 | 035250 | 60 | 18,291 | 2026-01-28 | 17,430 | -4.82% | -0.69% |
| 동아쏘시오홀딩스 | 000640 | 10 | 109,982 | 2026-01-28 | 108,000 | -1.82% | -1.65% |
| 삼성물산 | 028260 | 6 | 173,255 | 2026-01-28 | 302,000 | 55.57% | 1.33% |
| 세아베스틸지주 | 001430 | 32 | 27,976 | 2026-01-28 | 68,300 | 89.26% | 0.29% |
| 아모레퍼시픽홀딩스 | 002790 | 18 | 27,825 | 2026-01-28 | 28,650 | 2.92% | -0.70% |
| 영원무역홀딩스 | 009970 | 16 | 133,954 | 2026-01-28 | 196,900 | 38.52% | 2.68% |
| 오리온홀딩스 | 001800 | 36 | 21,026 | 2026-01-28 | 20,900 | -0.60% | 1.45% |
| 현대지에프홀딩스 | 005440 | 90 | 8,180 | 2026-01-28 | 8,970 | 9.22% | -0.33% |

## Beta (1Y, 일간 로그수익률)
- 기준일: **2026-01-28**, 윈도우: **2025-01-28 ~ 2026-01-28**

### 포트폴리오 Beta
- 관측치 수: **155**  (공통 거래일 기준)
- 기간: **2025-02-03 ~ 2025-09-16**
- **Beta (직접법)**: **0.6691**

### 개별 종목 Beta
| name | code | n | period | beta |
|---|---:|---:|---|---:|
| KT | 030200 | 156 | 2025-01-31 ~ 2025-09-16 | 0.2835 |
| LG디스플레이 | 034220 | 156 | 2025-01-31 ~ 2025-09-16 | 1.2868 |
| LG유플러스 | 032640 | 156 | 2025-01-31 ~ 2025-09-16 | 0.2128 |
| 강원랜드 | 035250 | 156 | 2025-01-31 ~ 2025-09-16 | 0.3891 |
| 동아쏘시오홀딩스 | 000640 | 156 | 2025-01-31 ~ 2025-09-16 | 0.2775 |
| 삼성물산 | 028260 | 156 | 2025-01-31 ~ 2025-09-16 | 0.9759 |
| 세아베스틸지주 | 001430 | 156 | 2025-01-31 ~ 2025-09-16 | 0.6900 |
| 아모레퍼시픽홀딩스 | 002790 | 156 | 2025-01-31 ~ 2025-09-16 | 0.8359 |
| 영원무역홀딩스 | 009970 | 156 | 2025-01-31 ~ 2025-09-16 | 0.8178 |
| 오리온홀딩스 | 001800 | 156 | 2025-01-31 ~ 2025-09-16 | 0.7879 |
| 현대지에프홀딩스 | 005440 | 156 | 2025-01-31 ~ 2025-09-16 | 0.8781 |

## EWMA Vol (1Y, λ=0.94, Daily)
- 기준일: **2026-01-28**, 윈도우: **2025-01-28 ~ 2026-01-28**
- 결과는 **일간 표준편차(σ)**이며 **연간화하지 않음**

| name | code | n | period | ewma_sigma_daily |
|---|---:|---:|---|---:|
| KT | 030200 | 244 | 2025-01-31 ~ 2026-01-28 | 0.014510 |
| LG디스플레이 | 034220 | 244 | 2025-01-31 ~ 2026-01-28 | 0.019107 |
| LG유플러스 | 032640 | 244 | 2025-01-31 ~ 2026-01-28 | 0.022199 |
| 강원랜드 | 035250 | 244 | 2025-01-31 ~ 2026-01-28 | 0.010128 |
| 동아쏘시오홀딩스 | 000640 | 244 | 2025-01-31 ~ 2026-01-28 | 0.015179 |
| 삼성물산 | 028260 | 244 | 2025-01-31 ~ 2026-01-28 | 0.021007 |
| 세아베스틸지주 | 001430 | 244 | 2025-01-31 ~ 2026-01-28 | 0.057929 |
| 아모레퍼시픽홀딩스 | 002790 | 244 | 2025-01-31 ~ 2026-01-28 | 0.026972 |
| 영원무역홀딩스 | 009970 | 244 | 2025-01-31 ~ 2026-01-28 | 0.025659 |
| 오리온홀딩스 | 001800 | 244 | 2025-01-31 ~ 2026-01-28 | 0.016283 |
| 현대지에프홀딩스 | 005440 | 244 | 2025-01-31 ~ 2026-01-28 | 0.022805 |
## 종목 간 상관관계 (1년)

- 기준일: 2026-01-28  | 기간: 2025-01-28 ~ 2026-01-28


| name | 동아쏘시오홀딩스 | 세아베스틸지주 | 오리온홀딩스 | 아모레퍼시픽홀딩스 | 현대지에프홀딩스 | 영원무역홀딩스 | 삼성물산 | KT | LG유플러스 | 강원랜드 | LG디스플레이 |
|---|---:|---:|---:|---:|---:|---:|---:|---:|---:|---:|---:|
| 동아쏘시오홀딩스 | 1.0000 | 0.0654 | 0.3371 | 0.2013 | 0.3649 | 0.2147 | 0.1676 | 0.0943 | 0.1464 | 0.1782 | 0.2112 |
| 세아베스틸지주 | 0.0654 | 1.0000 | 0.1325 | 0.1895 | 0.1174 | 0.0887 | 0.0661 | 0.0124 | 0.0313 | 0.1067 | 0.0257 |
| 오리온홀딩스 | 0.3371 | 0.1325 | 1.0000 | 0.3643 | 0.5731 | 0.3625 | 0.3112 | 0.2118 | 0.2382 | 0.2281 | 0.1391 |
| 아모레퍼시픽홀딩스 | 0.2013 | 0.1895 | 0.3643 | 1.0000 | 0.3185 | 0.1685 | 0.3176 | 0.1606 | 0.1253 | 0.2153 | 0.1507 |
| 현대지에프홀딩스 | 0.3649 | 0.1174 | 0.5731 | 0.3185 | 1.0000 | 0.4197 | 0.3819 | 0.2255 | 0.2007 | 0.3104 | 0.1663 |
| 영원무역홀딩스 | 0.2147 | 0.0887 | 0.3625 | 0.1685 | 0.4197 | 1.0000 | 0.2734 | 0.2313 | 0.1758 | 0.1749 | 0.1266 |
| 삼성물산 | 0.1676 | 0.0661 | 0.3112 | 0.3176 | 0.3819 | 0.2734 | 1.0000 | 0.2146 | 0.1068 | 0.1208 | 0.2441 |
| KT | 0.0943 | 0.0124 | 0.2118 | 0.1606 | 0.2255 | 0.2313 | 0.2146 | 1.0000 | 0.3185 | 0.1991 | 0.0846 |
| LG유플러스 | 0.1464 | 0.0313 | 0.2382 | 0.1253 | 0.2007 | 0.1758 | 0.1068 | 0.3185 | 1.0000 | 0.2131 | 0.1416 |
| 강원랜드 | 0.1782 | 0.1067 | 0.2281 | 0.2153 | 0.3104 | 0.1749 | 0.1208 | 0.1991 | 0.2131 | 1.0000 | 0.2339 |
| LG디스플레이 | 0.2112 | 0.0257 | 0.1391 | 0.1507 | 0.1663 | 0.1266 | 0.2441 | 0.0846 | 0.1416 | 0.2339 | 1.0000 |

## 포트폴리오 VaR (10-day, 99%) — 2026-01-28

- Total portfolio value (used): 14,255,760 KRW
- z-score: 2.33
- Portfolio σ (money, 10d): 667,441 KRW
- **Portfolio VaR (10d, 99%)**: **1,555,138 KRW**
- VaR / Portfolio value: **10.91%** → ✅ 15% 이하

## Top 10 Component VaR

| Rank | Name | Position (KRW) | σ10d | cVaR (KRW) | cVaR/Port | cVaR/Pos | Note |
|---:|---|---:|---:|---:|---:|---:|---|
| 1 | 세아베스틸지주 | 2,185,600 | 0.2111 | 836,818 | 53.81% | 38.29% |  |
| 2 | 영원무역홀딩스 | 3,150,400 | 0.0698 | 291,762 | 18.76% | 9.26% |  |
| 3 | 삼성물산 | 1,812,000 | 0.0619 | 113,714 | 7.31% | 6.28% |  |
| 4 | 현대지에프홀딩스 | 807,300 | 0.0739 | 71,410 | 4.59% | 8.85% |  |
| 5 | 아모레퍼시픽홀딩스 | 515,700 | 0.0848 | 42,069 | 2.71% | 8.16% |  |
| 6 | 오리온홀딩스 | 752,400 | 0.0502 | 41,920 | 2.70% | 5.57% |  |
| 7 | 동아쏘시오홀딩스 | 1,080,000 | 0.0487 | 40,640 | 2.61% | 3.76% |  |
| 8 | LG유플러스 | 993,240 | 0.0593 | 37,806 | 2.43% | 3.81% |  |
| 9 | LG디스플레이 | 1,018,920 | 0.0497 | 30,136 | 1.94% | 2.96% |  |
| 10 | 강원랜드 | 1,045,800 | 0.0353 | 27,764 | 1.79% | 2.65% |  |

- Σ cVaR (all names) = 1,555,138 KRW
