# 포트폴리오 보고서 (기준일: 2026-02-04)

## 요약
- 포트폴리오 **누적 수익률**: **33.73%**  (V₀=11,045,878, Vₜ=15,477,460)
- 포트폴리오 **일일 수익률**: **3.16%**  (공통 거래일: 2026-02-03 → 2026-02-04)
- KOSPI **일일 수익률**: **1.23%**  (비교 기준일: 2025-09-16)
- **초과수익률(일일)**: **1.93%**

## 개별 종목 현황 (오늘 기준)

| name | code | shares | buy_price | last_date | close_last | r_i_cum | r_i_daily |
|---|---:|---:|---:|---|---:|---:|---:|
| KT | 030200 | 16 | 52,901 | 2026-02-04 | 57,200 | 7.81% | 1.23% |
| LG디스플레이 | 034220 | 84 | 11,940 | 2026-02-04 | 11,550 | -3.32% | 1.57% |
| LG유플러스 | 032640 | 62 | 14,955 | 2026-02-04 | 16,230 | 8.18% | 1.05% |
| 강원랜드 | 035250 | 60 | 18,291 | 2026-02-04 | 17,600 | -3.85% | 1.89% |
| 동아쏘시오홀딩스 | 000640 | 10 | 109,982 | 2026-02-04 | 108,400 | -1.45% | 0.37% |
| 삼성물산 | 028260 | 6 | 173,255 | 2026-02-04 | 316,500 | 60.26% | 0.48% |
| 세아베스틸지주 | 001430 | 32 | 27,976 | 2026-02-04 | 90,300 | 117.18% | 10.25% |
| 아모레퍼시픽홀딩스 | 002790 | 18 | 27,825 | 2026-02-04 | 30,250 | 8.36% | 1.16% |
| 영원무역홀딩스 | 009970 | 16 | 133,954 | 2026-02-04 | 212,500 | 46.14% | 1.90% |
| 오리온홀딩스 | 001800 | 36 | 21,026 | 2026-02-04 | 22,900 | 8.54% | 7.24% |
| 현대지에프홀딩스 | 005440 | 90 | 8,180 | 2026-02-04 | 9,870 | 18.78% | 0.30% |

## Beta (1Y, 일간 로그수익률)
- 기준일: **2026-02-04**, 윈도우: **2025-02-04 ~ 2026-02-04**

### 포트폴리오 Beta
- 관측치 수: **153**  (공통 거래일 기준)
- 기간: **2025-02-05 ~ 2025-09-16**
- **Beta (직접법)**: **0.6649**

### 개별 종목 Beta
| name | code | n | period | beta |
|---|---:|---:|---|---:|
| KT | 030200 | 154 | 2025-02-04 ~ 2025-09-16 | 0.2746 |
| LG디스플레이 | 034220 | 154 | 2025-02-04 ~ 2025-09-16 | 1.2934 |
| LG유플러스 | 032640 | 154 | 2025-02-04 ~ 2025-09-16 | 0.2183 |
| 강원랜드 | 035250 | 154 | 2025-02-04 ~ 2025-09-16 | 0.3735 |
| 동아쏘시오홀딩스 | 000640 | 154 | 2025-02-04 ~ 2025-09-16 | 0.2886 |
| 삼성물산 | 028260 | 154 | 2025-02-04 ~ 2025-09-16 | 1.0113 |
| 세아베스틸지주 | 001430 | 154 | 2025-02-04 ~ 2025-09-16 | 0.6647 |
| 아모레퍼시픽홀딩스 | 002790 | 154 | 2025-02-04 ~ 2025-09-16 | 0.8174 |
| 영원무역홀딩스 | 009970 | 154 | 2025-02-04 ~ 2025-09-16 | 0.8209 |
| 오리온홀딩스 | 001800 | 154 | 2025-02-04 ~ 2025-09-16 | 0.8004 |
| 현대지에프홀딩스 | 005440 | 154 | 2025-02-04 ~ 2025-09-16 | 0.8738 |

## EWMA Vol (1Y, λ=0.94, Daily)
- 기준일: **2026-02-04**, 윈도우: **2025-02-04 ~ 2026-02-04**
- 결과는 **일간 표준편차(σ)**이며 **연간화하지 않음**

| name | code | n | period | ewma_sigma_daily |
|---|---:|---:|---|---:|
| KT | 030200 | 247 | 2025-02-04 ~ 2026-02-04 | 0.015923 |
| LG디스플레이 | 034220 | 247 | 2025-02-04 ~ 2026-02-04 | 0.023141 |
| LG유플러스 | 032640 | 247 | 2025-02-04 ~ 2026-02-04 | 0.019533 |
| 강원랜드 | 035250 | 247 | 2025-02-04 ~ 2026-02-04 | 0.011954 |
| 동아쏘시오홀딩스 | 000640 | 247 | 2025-02-04 ~ 2026-02-04 | 0.015322 |
| 삼성물산 | 028260 | 247 | 2025-02-04 ~ 2026-02-04 | 0.027346 |
| 세아베스틸지주 | 001430 | 247 | 2025-02-04 ~ 2026-02-04 | 0.066653 |
| 아모레퍼시픽홀딩스 | 002790 | 247 | 2025-02-04 ~ 2026-02-04 | 0.026081 |
| 영원무역홀딩스 | 009970 | 247 | 2025-02-04 ~ 2026-02-04 | 0.025578 |
| 오리온홀딩스 | 001800 | 247 | 2025-02-04 ~ 2026-02-04 | 0.024082 |
| 현대지에프홀딩스 | 005440 | 247 | 2025-02-04 ~ 2026-02-04 | 0.026983 |
## 종목 간 상관관계 (1년)

- 기준일: 2026-02-04  | 기간: 2025-02-04 ~ 2026-02-04


| name | 동아쏘시오홀딩스 | 세아베스틸지주 | 오리온홀딩스 | 아모레퍼시픽홀딩스 | 현대지에프홀딩스 | 영원무역홀딩스 | 삼성물산 | KT | LG유플러스 | 강원랜드 | LG디스플레이 |
|---|---:|---:|---:|---:|---:|---:|---:|---:|---:|---:|---:|
| 동아쏘시오홀딩스 | 1.0000 | 0.0894 | 0.3396 | 0.2131 | 0.3731 | 0.2240 | 0.1852 | 0.1114 | 0.1524 | 0.1964 | 0.2222 |
| 세아베스틸지주 | 0.0894 | 1.0000 | 0.1774 | 0.2137 | 0.1472 | 0.1102 | 0.1111 | 0.0463 | 0.0470 | 0.1361 | 0.0409 |
| 오리온홀딩스 | 0.3396 | 0.1774 | 1.0000 | 0.3663 | 0.5651 | 0.3616 | 0.3109 | 0.2153 | 0.2429 | 0.2436 | 0.1424 |
| 아모레퍼시픽홀딩스 | 0.2131 | 0.2137 | 0.3663 | 1.0000 | 0.3299 | 0.1678 | 0.3290 | 0.1541 | 0.1298 | 0.2087 | 0.1440 |
| 현대지에프홀딩스 | 0.3731 | 0.1472 | 0.5651 | 0.3299 | 1.0000 | 0.4185 | 0.3936 | 0.2254 | 0.2055 | 0.3139 | 0.1591 |
| 영원무역홀딩스 | 0.2240 | 0.1102 | 0.3616 | 0.1678 | 0.4185 | 1.0000 | 0.2812 | 0.2418 | 0.1771 | 0.1775 | 0.1279 |
| 삼성물산 | 0.1852 | 0.1111 | 0.3109 | 0.3290 | 0.3936 | 0.2812 | 1.0000 | 0.2285 | 0.1114 | 0.1318 | 0.2560 |
| KT | 0.1114 | 0.0463 | 0.2153 | 0.1541 | 0.2254 | 0.2418 | 0.2285 | 1.0000 | 0.3181 | 0.1996 | 0.0929 |
| LG유플러스 | 0.1524 | 0.0470 | 0.2429 | 0.1298 | 0.2055 | 0.1771 | 0.1114 | 0.3181 | 1.0000 | 0.2202 | 0.1446 |
| 강원랜드 | 0.1964 | 0.1361 | 0.2436 | 0.2087 | 0.3139 | 0.1775 | 0.1318 | 0.1996 | 0.2202 | 1.0000 | 0.2348 |
| LG디스플레이 | 0.2222 | 0.0409 | 0.1424 | 0.1440 | 0.1591 | 0.1279 | 0.2560 | 0.0929 | 0.1446 | 0.2348 | 1.0000 |

## 포트폴리오 VaR (10-day, 99%) — 2026-02-04

- Total portfolio value (used): 15,477,460 KRW
- z-score: 2.33
- Portfolio σ (money, 10d): 927,034 KRW
- **Portfolio VaR (10d, 99%)**: **2,159,990 KRW**
- VaR / Portfolio value: **13.96%** → ✅ 15% 이하

## Top 10 Component VaR

| Rank | Name | Position (KRW) | σ10d | cVaR (KRW) | cVaR/Port | cVaR/Pos | Note |
|---:|---|---:|---:|---:|---:|---:|---|
| 1 | 세아베스틸지주 | 2,889,600 | 0.2402 | 1,371,737 | 63.51% | 47.47% |  |
| 2 | 영원무역홀딩스 | 3,400,000 | 0.0704 | 280,637 | 12.99% | 8.25% |  |
| 3 | 삼성물산 | 1,899,000 | 0.0794 | 153,721 | 7.12% | 8.09% |  |
| 4 | 현대지에프홀딩스 | 888,300 | 0.0885 | 89,283 | 4.13% | 10.05% |  |
| 5 | 오리온홀딩스 | 824,400 | 0.0750 | 67,878 | 3.14% | 8.23% |  |
| 6 | 아모레퍼시픽홀딩스 | 544,500 | 0.0822 | 41,939 | 1.94% | 7.70% |  |
| 7 | 동아쏘시오홀딩스 | 1,084,000 | 0.0487 | 38,532 | 1.78% | 3.55% |  |
| 8 | LG디스플레이 | 970,200 | 0.0615 | 32,713 | 1.51% | 3.37% |  |
| 9 | 강원랜드 | 1,056,000 | 0.0412 | 32,023 | 1.48% | 3.03% |  |
| 10 | LG유플러스 | 1,006,260 | 0.0520 | 28,843 | 1.34% | 2.87% |  |

- Σ cVaR (all names) = 2,159,990 KRW
