# 포트폴리오 보고서 (기준일: 2025-12-16)

## 요약
- 포트폴리오 **누적 수익률**: **17.70%**  (V₀=11,045,878, Vₜ=13,184,860)
- 포트폴리오 **일일 수익률**: **-1.33%**  (공통 거래일: 2025-12-15 → 2025-12-16)
- KOSPI **일일 수익률**: **-2.26%**  (비교 기준일: 2025-12-16)
- **초과수익률(일일)**: **0.93%**

## 개별 종목 현황 (오늘 기준)

| name | code | shares | buy_price | last_date | close_last | r_i_cum | r_i_daily |
|---|---:|---:|---:|---|---:|---:|---:|
| KT | 030200 | 16 | 52,901 | 2025-12-16 | 54,200 | 2.43% | 2.62% |
| LG디스플레이 | 034220 | 84 | 11,940 | 2025-12-16 | 12,050 | 0.92% | -2.05% |
| LG유플러스 | 032640 | 62 | 14,955 | 2025-12-16 | 15,230 | 1.82% | 1.06% |
| 강원랜드 | 035250 | 60 | 18,291 | 2025-12-16 | 18,390 | 0.54% | 2.53% |
| 동아쏘시오홀딩스 | 000640 | 10 | 109,982 | 2025-12-16 | 122,400 | 10.70% | -0.33% |
| 삼성물산 | 028260 | 6 | 173,255 | 2025-12-16 | 243,000 | 33.83% | -1.43% |
| 세아베스틸지주 | 001430 | 32 | 27,976 | 2025-12-16 | 43,150 | 43.33% | -12.61% |
| 아모레퍼시픽홀딩스 | 002790 | 18 | 27,825 | 2025-12-16 | 27,400 | -1.54% | 0.73% |
| 영원무역홀딩스 | 009970 | 16 | 133,954 | 2025-12-16 | 197,000 | 38.57% | -0.41% |
| 오리온홀딩스 | 001800 | 36 | 21,026 | 2025-12-16 | 21,250 | 1.06% | 0.00% |
| 현대지에프홀딩스 | 005440 | 90 | 8,180 | 2025-12-16 | 8,720 | 6.39% | 0.58% |

## Beta (1Y, 일간 로그수익률)
- 기준일: **2025-12-16**, 윈도우: **2024-12-16 ~ 2025-12-16**

### 포트폴리오 Beta
- 관측치 수: **242**  (공통 거래일 기준)
- 기간: **2024-12-17 ~ 2025-12-16**
- **Beta (직접법)**: **0.5623**

### 개별 종목 Beta
| name | code | n | period | beta |
|---|---:|---:|---|---:|
| KT | 030200 | 243 | 2024-12-16 ~ 2025-12-16 | 0.2446 |
| LG디스플레이 | 034220 | 243 | 2024-12-16 ~ 2025-12-16 | 1.1135 |
| LG유플러스 | 032640 | 243 | 2024-12-16 ~ 2025-12-16 | 0.1630 |
| 강원랜드 | 035250 | 243 | 2024-12-16 ~ 2025-12-16 | 0.2717 |
| 동아쏘시오홀딩스 | 000640 | 243 | 2024-12-16 ~ 2025-12-16 | 0.1843 |
| 삼성물산 | 028260 | 243 | 2024-12-16 ~ 2025-12-16 | 1.0767 |
| 세아베스틸지주 | 001430 | 243 | 2024-12-16 ~ 2025-12-16 | 0.6319 |
| 아모레퍼시픽홀딩스 | 002790 | 243 | 2024-12-16 ~ 2025-12-16 | 0.6387 |
| 영원무역홀딩스 | 009970 | 243 | 2024-12-16 ~ 2025-12-16 | 0.5751 |
| 오리온홀딩스 | 001800 | 243 | 2024-12-16 ~ 2025-12-16 | 0.5929 |
| 현대지에프홀딩스 | 005440 | 243 | 2024-12-16 ~ 2025-12-16 | 0.7388 |

## EWMA Vol (1Y, λ=0.94, Daily)
- 기준일: **2025-12-16**, 윈도우: **2024-12-16 ~ 2025-12-16**
- 결과는 **일간 표준편차(σ)**이며 **연간화하지 않음**

| name | code | n | period | ewma_sigma_daily |
|---|---:|---:|---|---:|
| KT | 030200 | 243 | 2024-12-16 ~ 2025-12-16 | 0.015751 |
| LG디스플레이 | 034220 | 243 | 2024-12-16 ~ 2025-12-16 | 0.022667 |
| LG유플러스 | 032640 | 243 | 2024-12-16 ~ 2025-12-16 | 0.015561 |
| 강원랜드 | 035250 | 243 | 2024-12-16 ~ 2025-12-16 | 0.011440 |
| 동아쏘시오홀딩스 | 000640 | 243 | 2024-12-16 ~ 2025-12-16 | 0.014794 |
| 삼성물산 | 028260 | 243 | 2024-12-16 ~ 2025-12-16 | 0.029897 |
| 세아베스틸지주 | 001430 | 243 | 2024-12-16 ~ 2025-12-16 | 0.082091 |
| 아모레퍼시픽홀딩스 | 002790 | 243 | 2024-12-16 ~ 2025-12-16 | 0.022183 |
| 영원무역홀딩스 | 009970 | 243 | 2024-12-16 ~ 2025-12-16 | 0.033842 |
| 오리온홀딩스 | 001800 | 243 | 2024-12-16 ~ 2025-12-16 | 0.017599 |
| 현대지에프홀딩스 | 005440 | 243 | 2024-12-16 ~ 2025-12-16 | 0.025851 |
## 종목 간 상관관계 (1년)

- 기준일: 2025-12-16  | 기간: 2024-12-16 ~ 2025-12-16


| name | 동아쏘시오홀딩스 | 세아베스틸지주 | 오리온홀딩스 | 아모레퍼시픽홀딩스 | 현대지에프홀딩스 | 영원무역홀딩스 | 삼성물산 | KT | LG유플러스 | 강원랜드 | LG디스플레이 |
|---|---:|---:|---:|---:|---:|---:|---:|---:|---:|---:|---:|
| 동아쏘시오홀딩스 | 1.0000 | 0.1112 | 0.2977 | 0.1530 | 0.3011 | 0.2233 | 0.1617 | 0.0058 | 0.0802 | 0.1147 | 0.1737 |
| 세아베스틸지주 | 0.1112 | 1.0000 | 0.1738 | 0.1899 | 0.1877 | 0.0740 | 0.0833 | 0.0671 | 0.0614 | 0.1478 | 0.0875 |
| 오리온홀딩스 | 0.2977 | 0.1738 | 1.0000 | 0.3801 | 0.5725 | 0.3591 | 0.3193 | 0.1870 | 0.2245 | 0.2322 | 0.1529 |
| 아모레퍼시픽홀딩스 | 0.1530 | 0.1899 | 0.3801 | 1.0000 | 0.3238 | 0.1882 | 0.3571 | 0.2199 | 0.1511 | 0.2674 | 0.1875 |
| 현대지에프홀딩스 | 0.3011 | 0.1877 | 0.5725 | 0.3238 | 1.0000 | 0.4357 | 0.3951 | 0.2048 | 0.1939 | 0.3142 | 0.1830 |
| 영원무역홀딩스 | 0.2233 | 0.0740 | 0.3591 | 0.1882 | 0.4357 | 1.0000 | 0.2622 | 0.2152 | 0.1602 | 0.1379 | 0.1492 |
| 삼성물산 | 0.1617 | 0.0833 | 0.3193 | 0.3571 | 0.3951 | 0.2622 | 1.0000 | 0.1904 | 0.1217 | 0.1470 | 0.2661 |
| KT | 0.0058 | 0.0671 | 0.1870 | 0.2199 | 0.2048 | 0.2152 | 0.1904 | 1.0000 | 0.3003 | 0.1819 | 0.0864 |
| LG유플러스 | 0.0802 | 0.0614 | 0.2245 | 0.1511 | 0.1939 | 0.1602 | 0.1217 | 0.3003 | 1.0000 | 0.1827 | 0.1522 |
| 강원랜드 | 0.1147 | 0.1478 | 0.2322 | 0.2674 | 0.3142 | 0.1379 | 0.1470 | 0.1819 | 0.1827 | 1.0000 | 0.2605 |
| LG디스플레이 | 0.1737 | 0.0875 | 0.1529 | 0.1875 | 0.1830 | 0.1492 | 0.2661 | 0.0864 | 0.1522 | 0.2605 | 1.0000 |

## 포트폴리오 VaR (10-day, 99%) — 2025-12-16

- Total portfolio value (used): 13,184,860 KRW
- z-score: 2.33
- Portfolio σ (money, 10d): 708,646 KRW
- **Portfolio VaR (10d, 99%)**: **1,651,146 KRW**
- VaR / Portfolio value: **12.52%** → ✅ 15% 이하

## Top 10 Component VaR

| Rank | Name | Position (KRW) | σ10d | cVaR (KRW) | cVaR/Port | cVaR/Pos | Note |
|---:|---|---:|---:|---:|---:|---:|---|
| 1 | 세아베스틸지주 | 1,380,800 | 0.3116 | 723,857 | 43.84% | 52.42% |  |
| 2 | 영원무역홀딩스 | 3,152,000 | 0.0943 | 442,966 | 26.83% | 14.05% |  |
| 3 | 삼성물산 | 1,458,000 | 0.0842 | 133,845 | 8.11% | 9.18% |  |
| 4 | 현대지에프홀딩스 | 784,800 | 0.0843 | 90,669 | 5.49% | 11.55% |  |
| 5 | 오리온홀딩스 | 765,000 | 0.0547 | 50,333 | 3.05% | 6.58% |  |
| 6 | 동아쏘시오홀딩스 | 1,224,000 | 0.0458 | 45,465 | 2.75% | 3.71% |  |
| 7 | LG디스플레이 | 1,012,200 | 0.0589 | 45,046 | 2.73% | 4.45% |  |
| 8 | 강원랜드 | 1,103,400 | 0.0397 | 34,918 | 2.11% | 3.16% |  |
| 9 | 아모레퍼시픽홀딩스 | 493,200 | 0.0707 | 34,294 | 2.08% | 6.95% |  |
| 10 | LG유플러스 | 944,260 | 0.0438 | 25,848 | 1.57% | 2.74% |  |

- Σ cVaR (all names) = 1,651,146 KRW
