# 포트폴리오 보고서 (기준일: 2026-01-06)

## 요약
- 포트폴리오 **누적 수익률**: **18.18%**  (V₀=11,045,878, Vₜ=13,248,020)
- 포트폴리오 **일일 수익률**: **0.36%**  (공통 거래일: 2026-01-05 → 2026-01-06)
- KOSPI **일일 수익률**: **1.23%**  (비교 기준일: 2025-09-16)
- **초과수익률(일일)**: **-0.88%**

## 개별 종목 현황 (오늘 기준)

| name | code | shares | buy_price | last_date | close_last | r_i_cum | r_i_daily |
|---|---:|---:|---:|---|---:|---:|---:|
| KT | 030200 | 16 | 52,901 | 2026-01-06 | 52,800 | -0.19% | 2.30% |
| LG디스플레이 | 034220 | 84 | 11,940 | 2026-01-06 | 12,310 | 3.05% | 2.38% |
| LG유플러스 | 032640 | 62 | 14,955 | 2026-01-06 | 14,780 | -1.18% | 1.50% |
| 강원랜드 | 035250 | 60 | 18,291 | 2026-01-06 | 18,370 | 0.43% | 0.44% |
| 동아쏘시오홀딩스 | 000640 | 10 | 109,982 | 2026-01-06 | 107,200 | -2.56% | -0.56% |
| 삼성물산 | 028260 | 6 | 173,255 | 2026-01-06 | 260,000 | 40.59% | 2.14% |
| 세아베스틸지주 | 001430 | 32 | 27,976 | 2026-01-06 | 54,800 | 67.23% | -2.70% |
| 아모레퍼시픽홀딩스 | 002790 | 18 | 27,825 | 2026-01-06 | 27,000 | -3.01% | -4.53% |
| 영원무역홀딩스 | 009970 | 16 | 133,954 | 2026-01-06 | 189,500 | 34.69% | 0.53% |
| 오리온홀딩스 | 001800 | 36 | 21,026 | 2026-01-06 | 19,920 | -5.40% | -0.20% |
| 현대지에프홀딩스 | 005440 | 90 | 8,180 | 2026-01-06 | 8,110 | -0.86% | 1.99% |

## Beta (1Y, 일간 로그수익률)
- 기준일: **2026-01-06**, 윈도우: **2025-01-06 ~ 2026-01-06**

### 포트폴리오 Beta
- 관측치 수: **170**  (공통 거래일 기준)
- 기간: **2025-01-07 ~ 2025-09-16**
- **Beta (직접법)**: **0.6581**

### 개별 종목 Beta
| name | code | n | period | beta |
|---|---:|---:|---|---:|
| KT | 030200 | 171 | 2025-01-06 ~ 2025-09-16 | 0.2677 |
| LG디스플레이 | 034220 | 171 | 2025-01-06 ~ 2025-09-16 | 1.2770 |
| LG유플러스 | 032640 | 171 | 2025-01-06 ~ 2025-09-16 | 0.2037 |
| 강원랜드 | 035250 | 171 | 2025-01-06 ~ 2025-09-16 | 0.3781 |
| 동아쏘시오홀딩스 | 000640 | 171 | 2025-01-06 ~ 2025-09-16 | 0.2753 |
| 삼성물산 | 028260 | 171 | 2025-01-06 ~ 2025-09-16 | 1.0183 |
| 세아베스틸지주 | 001430 | 171 | 2025-01-06 ~ 2025-09-16 | 0.6716 |
| 아모레퍼시픽홀딩스 | 002790 | 171 | 2025-01-06 ~ 2025-09-16 | 0.8861 |
| 영원무역홀딩스 | 009970 | 171 | 2025-01-06 ~ 2025-09-16 | 0.7919 |
| 오리온홀딩스 | 001800 | 171 | 2025-01-06 ~ 2025-09-16 | 0.7587 |
| 현대지에프홀딩스 | 005440 | 171 | 2025-01-06 ~ 2025-09-16 | 0.8307 |

## EWMA Vol (1Y, λ=0.94, Daily)
- 기준일: **2026-01-06**, 윈도우: **2025-01-06 ~ 2026-01-06**
- 결과는 **일간 표준편차(σ)**이며 **연간화하지 않음**

| name | code | n | period | ewma_sigma_daily |
|---|---:|---:|---|---:|
| KT | 030200 | 243 | 2025-01-06 ~ 2026-01-06 | 0.014691 |
| LG디스플레이 | 034220 | 243 | 2025-01-06 ~ 2026-01-06 | 0.019736 |
| LG유플러스 | 032640 | 243 | 2025-01-06 ~ 2026-01-06 | 0.014873 |
| 강원랜드 | 035250 | 243 | 2025-01-06 ~ 2026-01-06 | 0.012766 |
| 동아쏘시오홀딩스 | 000640 | 243 | 2025-01-06 ~ 2026-01-06 | 0.014174 |
| 삼성물산 | 028260 | 243 | 2025-01-06 ~ 2026-01-06 | 0.025455 |
| 세아베스틸지주 | 001430 | 243 | 2025-01-06 ~ 2026-01-06 | 0.077130 |
| 아모레퍼시픽홀딩스 | 002790 | 243 | 2025-01-06 ~ 2026-01-06 | 0.027966 |
| 영원무역홀딩스 | 009970 | 243 | 2025-01-06 ~ 2026-01-06 | 0.031996 |
| 오리온홀딩스 | 001800 | 243 | 2025-01-06 ~ 2026-01-06 | 0.015277 |
| 현대지에프홀딩스 | 005440 | 243 | 2025-01-06 ~ 2026-01-06 | 0.021459 |
## 종목 간 상관관계 (1년)

- 기준일: 2026-01-06  | 기간: 2025-01-06 ~ 2026-01-06


| name | 동아쏘시오홀딩스 | 세아베스틸지주 | 오리온홀딩스 | 아모레퍼시픽홀딩스 | 현대지에프홀딩스 | 영원무역홀딩스 | 삼성물산 | KT | LG유플러스 | 강원랜드 | LG디스플레이 |
|---|---:|---:|---:|---:|---:|---:|---:|---:|---:|---:|---:|
| 동아쏘시오홀딩스 | 1.0000 | 0.0834 | 0.3285 | 0.1633 | 0.3542 | 0.2267 | 0.1715 | 0.0726 | 0.1428 | 0.1704 | 0.2076 |
| 세아베스틸지주 | 0.0834 | 1.0000 | 0.1339 | 0.2040 | 0.1450 | 0.0889 | 0.0651 | 0.0116 | 0.0287 | 0.1025 | 0.0408 |
| 오리온홀딩스 | 0.3285 | 0.1339 | 1.0000 | 0.3415 | 0.5725 | 0.3702 | 0.3044 | 0.2048 | 0.2383 | 0.2241 | 0.1432 |
| 아모레퍼시픽홀딩스 | 0.1633 | 0.2040 | 0.3415 | 1.0000 | 0.2754 | 0.1624 | 0.3362 | 0.1577 | 0.1051 | 0.2131 | 0.1615 |
| 현대지에프홀딩스 | 0.3542 | 0.1450 | 0.5725 | 0.2754 | 1.0000 | 0.4360 | 0.3724 | 0.2085 | 0.2086 | 0.3205 | 0.1678 |
| 영원무역홀딩스 | 0.2267 | 0.0889 | 0.3702 | 0.1624 | 0.4360 | 1.0000 | 0.2613 | 0.2446 | 0.1888 | 0.1743 | 0.1442 |
| 삼성물산 | 0.1715 | 0.0651 | 0.3044 | 0.3362 | 0.3724 | 0.2613 | 1.0000 | 0.1941 | 0.1170 | 0.1175 | 0.2609 |
| KT | 0.0726 | 0.0116 | 0.2048 | 0.1577 | 0.2085 | 0.2446 | 0.1941 | 1.0000 | 0.2760 | 0.1733 | 0.0804 |
| LG유플러스 | 0.1428 | 0.0287 | 0.2383 | 0.1051 | 0.2086 | 0.1888 | 0.1170 | 0.2760 | 1.0000 | 0.1865 | 0.1564 |
| 강원랜드 | 0.1704 | 0.1025 | 0.2241 | 0.2131 | 0.3205 | 0.1743 | 0.1175 | 0.1733 | 0.1865 | 1.0000 | 0.2409 |
| LG디스플레이 | 0.2076 | 0.0408 | 0.1432 | 0.1615 | 0.1678 | 0.1442 | 0.2609 | 0.0804 | 0.1564 | 0.2409 | 1.0000 |

## 포트폴리오 VaR (10-day, 99%) — 2026-01-06

- Total portfolio value (used): 13,248,020 KRW
- z-score: 2.33
- Portfolio σ (money, 10d): 702,120 KRW
- **Portfolio VaR (10d, 99%)**: **1,635,938 KRW**
- VaR / Portfolio value: **12.35%** → ✅ 15% 이하

## Top 10 Component VaR

| Rank | Name | Position (KRW) | σ10d | cVaR (KRW) | cVaR/Port | cVaR/Pos | Note |
|---:|---|---:|---:|---:|---:|---:|---|
| 1 | 세아베스틸지주 | 1,753,600 | 0.2725 | 860,087 | 52.57% | 49.05% |  |
| 2 | 영원무역홀딩스 | 3,032,000 | 0.0883 | 376,771 | 23.03% | 12.43% |  |
| 3 | 삼성물산 | 1,560,000 | 0.0722 | 110,808 | 6.77% | 7.10% |  |
| 4 | 현대지에프홀딩스 | 729,900 | 0.0701 | 62,386 | 3.81% | 8.55% |  |
| 5 | 아모레퍼시픽홀딩스 | 486,000 | 0.0860 | 39,217 | 2.40% | 8.07% |  |
| 6 | 동아쏘시오홀딩스 | 1,072,000 | 0.0470 | 39,062 | 2.39% | 3.64% |  |
| 7 | 오리온홀딩스 | 717,120 | 0.0474 | 36,732 | 2.25% | 5.12% |  |
| 8 | 강원랜드 | 1,102,200 | 0.0443 | 36,411 | 2.23% | 3.30% |  |
| 9 | LG디스플레이 | 1,034,040 | 0.0519 | 34,249 | 2.09% | 3.31% |  |
| 10 | LG유플러스 | 916,360 | 0.0413 | 21,622 | 1.32% | 2.36% |  |

- Σ cVaR (all names) = 1,635,938 KRW
