# 포트폴리오 보고서 (기준일: 2025-10-15)

## 요약
- 포트폴리오 **누적 수익률**: **1.47%**  (V₀=11,045,878, Vₜ=11,209,720)
- 포트폴리오 **일일 수익률**: **2.18%**  (공통 거래일: 2025-10-14 → 2025-10-15)
- KOSPI **일일 수익률**: **2.65%**  (비교 기준일: 2025-10-15)
- **초과수익률(일일)**: **-0.47%**

## 개별 종목 현황 (오늘 기준)

| name | code | shares | buy_price | last_date | close_last | r_i_cum | r_i_daily |
|---|---:|---:|---:|---|---:|---:|---:|
| KT | 030200 | 16 | 52,901 | 2025-10-15 | 49,350 | -6.95% | 1.53% |
| LG디스플레이 | 034220 | 84 | 11,940 | 2025-10-15 | 14,490 | 19.36% | 3.23% |
| LG유플러스 | 032640 | 62 | 14,955 | 2025-10-15 | 15,170 | 1.43% | 2.81% |
| 강원랜드 | 035250 | 60 | 18,291 | 2025-10-15 | 17,640 | -3.62% | 1.03% |
| 동아쏘시오홀딩스 | 000640 | 10 | 109,982 | 2025-10-15 | 107,500 | -2.28% | 1.22% |
| 삼성물산 | 028260 | 6 | 173,255 | 2025-10-15 | 206,000 | 17.31% | 5.59% |
| 세아베스틸지주 | 001430 | 32 | 27,976 | 2025-10-15 | 25,850 | -7.90% | 2.55% |
| 아모레퍼시픽홀딩스 | 002790 | 18 | 27,825 | 2025-10-15 | 25,800 | -7.56% | 0.00% |
| 영원무역홀딩스 | 009970 | 16 | 133,954 | 2025-10-15 | 134,200 | 0.18% | 0.75% |
| 오리온홀딩스 | 001800 | 36 | 21,026 | 2025-10-15 | 19,670 | -6.67% | 1.12% |
| 현대지에프홀딩스 | 005440 | 90 | 8,180 | 2025-10-15 | 8,290 | 1.34% | 3.94% |

## Beta (1Y, 일간 로그수익률)
- 기준일: **2025-10-15**, 윈도우: **2024-10-15 ~ 2025-10-15**

### 포트폴리오 Beta
- 관측치 수: **242**  (공통 거래일 기준)
- 기간: **2024-10-16 ~ 2025-10-15**
- **Beta (직접법)**: **0.6154**

### 개별 종목 Beta
| name | code | n | period | beta |
|---|---:|---:|---|---:|
| KT | 030200 | 243 | 2024-10-15 ~ 2025-10-15 | 0.2253 |
| LG디스플레이 | 034220 | 243 | 2024-10-15 ~ 2025-10-15 | 1.3000 |
| LG유플러스 | 032640 | 243 | 2024-10-15 ~ 2025-10-15 | 0.2380 |
| 강원랜드 | 035250 | 243 | 2024-10-15 ~ 2025-10-15 | 0.4113 |
| 동아쏘시오홀딩스 | 000640 | 243 | 2024-10-15 ~ 2025-10-15 | 0.2433 |
| 삼성물산 | 028260 | 243 | 2024-10-15 ~ 2025-10-15 | 1.0983 |
| 세아베스틸지주 | 001430 | 243 | 2024-10-15 ~ 2025-10-15 | 0.6088 |
| 아모레퍼시픽홀딩스 | 002790 | 243 | 2024-10-15 ~ 2025-10-15 | 0.8803 |
| 영원무역홀딩스 | 009970 | 243 | 2024-10-15 ~ 2025-10-15 | 0.5795 |
| 오리온홀딩스 | 001800 | 243 | 2024-10-15 ~ 2025-10-15 | 0.6334 |
| 현대지에프홀딩스 | 005440 | 243 | 2024-10-15 ~ 2025-10-15 | 0.8106 |

## EWMA Vol (1Y, λ=0.94, Daily)
- 기준일: **2025-10-15**, 윈도우: **2024-10-15 ~ 2025-10-15**
- 결과는 **일간 표준편차(σ)**이며 **연간화하지 않음**

| name | code | n | period | ewma_sigma_daily |
|---|---:|---:|---|---:|
| KT | 030200 | 243 | 2024-10-15 ~ 2025-10-15 | 0.014206 |
| LG디스플레이 | 034220 | 243 | 2024-10-15 ~ 2025-10-15 | 0.039327 |
| LG유플러스 | 032640 | 243 | 2024-10-15 ~ 2025-10-15 | 0.016562 |
| 강원랜드 | 035250 | 243 | 2024-10-15 ~ 2025-10-15 | 0.010397 |
| 동아쏘시오홀딩스 | 000640 | 243 | 2024-10-15 ~ 2025-10-15 | 0.018539 |
| 삼성물산 | 028260 | 243 | 2024-10-15 ~ 2025-10-15 | 0.026124 |
| 세아베스틸지주 | 001430 | 243 | 2024-10-15 ~ 2025-10-15 | 0.027522 |
| 아모레퍼시픽홀딩스 | 002790 | 243 | 2024-10-15 ~ 2025-10-15 | 0.014847 |
| 영원무역홀딩스 | 009970 | 243 | 2024-10-15 ~ 2025-10-15 | 0.020324 |
| 오리온홀딩스 | 001800 | 243 | 2024-10-15 ~ 2025-10-15 | 0.013669 |
| 현대지에프홀딩스 | 005440 | 243 | 2024-10-15 ~ 2025-10-15 | 0.027469 |
## 종목 간 상관관계 (1년)

- 기준일: 2025-10-15  | 기간: 2024-10-15 ~ 2025-10-15


| name | 동아쏘시오홀딩스 | 세아베스틸지주 | 오리온홀딩스 | 아모레퍼시픽홀딩스 | 현대지에프홀딩스 | 영원무역홀딩스 | 삼성물산 | KT | LG유플러스 | 강원랜드 | LG디스플레이 |
|---|---:|---:|---:|---:|---:|---:|---:|---:|---:|---:|---:|
| 동아쏘시오홀딩스 | 1.0000 | 0.1146 | 0.2783 | 0.1984 | 0.3129 | 0.2149 | 0.1124 | -0.0021 | 0.0635 | 0.1692 | 0.1709 |
| 세아베스틸지주 | 0.1146 | 1.0000 | 0.1756 | 0.2425 | 0.2389 | 0.2382 | 0.0834 | 0.0395 | 0.0603 | 0.2274 | 0.1223 |
| 오리온홀딩스 | 0.2783 | 0.1756 | 1.0000 | 0.3485 | 0.4896 | 0.3906 | 0.3065 | 0.1751 | 0.2305 | 0.2154 | 0.1436 |
| 아모레퍼시픽홀딩스 | 0.1984 | 0.2425 | 0.3485 | 1.0000 | 0.3111 | 0.2565 | 0.4370 | 0.1426 | 0.0737 | 0.2579 | 0.2484 |
| 현대지에프홀딩스 | 0.3129 | 0.2389 | 0.4896 | 0.3111 | 1.0000 | 0.3801 | 0.3859 | 0.1397 | 0.1553 | 0.3005 | 0.1551 |
| 영원무역홀딩스 | 0.2149 | 0.2382 | 0.3906 | 0.2565 | 0.3801 | 1.0000 | 0.2788 | 0.1979 | 0.1547 | 0.1427 | 0.1354 |
| 삼성물산 | 0.1124 | 0.0834 | 0.3065 | 0.4370 | 0.3859 | 0.2788 | 1.0000 | 0.1385 | 0.1362 | 0.1725 | 0.2594 |
| KT | -0.0021 | 0.0395 | 0.1751 | 0.1426 | 0.1397 | 0.1979 | 0.1385 | 1.0000 | 0.3935 | 0.1649 | 0.0089 |
| LG유플러스 | 0.0635 | 0.0603 | 0.2305 | 0.0737 | 0.1553 | 0.1547 | 0.1362 | 0.3935 | 1.0000 | 0.2013 | 0.1163 |
| 강원랜드 | 0.1692 | 0.2274 | 0.2154 | 0.2579 | 0.3005 | 0.1427 | 0.1725 | 0.1649 | 0.2013 | 1.0000 | 0.2938 |
| LG디스플레이 | 0.1709 | 0.1223 | 0.1436 | 0.2484 | 0.1551 | 0.1354 | 0.2594 | 0.0089 | 0.1163 | 0.2938 | 1.0000 |

## 포트폴리오 VaR (10-day, 99%) — 2025-10-15

- Total portfolio value (used): 11,209,720 KRW
- z-score: 2.33
- Portfolio σ (money, 10d): 401,055 KRW
- **Portfolio VaR (10d, 99%)**: **934,459 KRW**
- VaR / Portfolio value: **8.34%** → ✅ 15% 이하

## Top 10 Component VaR

| Rank | Name | Position (KRW) | σ10d | cVaR (KRW) | cVaR/Port | cVaR/Pos | Note |
|---:|---|---:|---:|---:|---:|---:|---|
| 1 | 영원무역홀딩스 | 2,147,200 | 0.0606 | 204,673 | 21.90% | 9.53% |  |
| 2 | LG디스플레이 | 1,217,160 | 0.0985 | 154,713 | 16.56% | 12.71% |  |
| 3 | 삼성물산 | 1,236,000 | 0.0829 | 147,002 | 15.73% | 11.89% |  |
| 4 | 현대지에프홀딩스 | 746,100 | 0.0917 | 103,467 | 11.07% | 13.87% |  |
| 5 | 세아베스틸지주 | 827,200 | 0.0972 | 84,781 | 9.07% | 10.25% |  |
| 6 | 동아쏘시오홀딩스 | 1,075,000 | 0.0585 | 64,289 | 6.88% | 5.98% |  |
| 7 | LG유플러스 | 940,540 | 0.0568 | 46,386 | 4.96% | 4.93% |  |
| 8 | 오리온홀딩스 | 708,120 | 0.0440 | 41,417 | 4.43% | 5.85% |  |
| 9 | 강원랜드 | 1,058,400 | 0.0343 | 39,075 | 4.18% | 3.69% |  |
| 10 | 아모레퍼시픽홀딩스 | 464,400 | 0.0465 | 26,545 | 2.84% | 5.72% |  |

- Σ cVaR (all names) = 934,459 KRW
