# 포트폴리오 보고서 (기준일: 2025-09-18)

## 요약
- 포트폴리오 **누적 수익률**: **2.98%**  (V₀=11,045,878, Vₜ=11,379,580)
- 포트폴리오 **일일 수익률**: **0.25%**  (공통 거래일: 2025-09-17 → 2025-09-18)
- KOSPI **일일 수익률**: **1.39%**  (비교 기준일: 2025-09-18)
- **초과수익률(일일)**: **-1.15%**

## 개별 종목 현황 (오늘 기준)

| name | code | shares | buy_price | last_date | close_last | r_i_cum | r_i_daily |
|---|---:|---:|---:|---|---:|---:|---:|
| KT | 030200 | 16 | 52,901 | 2025-09-18 | 51,400 | -2.88% | 0.78% |
| LG디스플레이 | 034220 | 84 | 11,940 | 2025-09-18 | 13,090 | 9.20% | 1.62% |
| LG유플러스 | 032640 | 62 | 14,955 | 2025-09-18 | 14,860 | -0.64% | 1.22% |
| 강원랜드 | 035250 | 60 | 18,291 | 2025-09-18 | 18,170 | -0.66% | 0.11% |
| 동아쏘시오홀딩스 | 000640 | 10 | 109,982 | 2025-09-18 | 110,500 | 0.47% | 0.09% |
| 삼성물산 | 028260 | 6 | 173,255 | 2025-09-18 | 196,700 | 12.69% | 1.90% |
| 세아베스틸지주 | 001430 | 32 | 27,976 | 2025-09-18 | 26,100 | -6.94% | -1.33% |
| 아모레퍼시픽홀딩스 | 002790 | 18 | 27,825 | 2025-09-18 | 28,000 | 0.63% | 1.62% |
| 영원무역홀딩스 | 009970 | 16 | 133,954 | 2025-09-18 | 142,500 | 6.18% | -0.77% |
| 오리온홀딩스 | 001800 | 36 | 21,026 | 2025-09-18 | 21,200 | 0.82% | -0.94% |
| 현대지에프홀딩스 | 005440 | 90 | 8,180 | 2025-09-18 | 8,650 | 5.59% | -0.46% |

## Beta (1Y, 일간 로그수익률)
- 기준일: **2025-09-18**, 윈도우: **2024-09-18 ~ 2025-09-18**

### 포트폴리오 Beta
- 관측치 수: **243**  (공통 거래일 기준)
- 기간: **2024-09-20 ~ 2025-09-18**
- **Beta (직접법)**: **0.6420**

### 개별 종목 Beta
| name | code | n | period | beta |
|---|---:|---:|---|---:|
| KT | 030200 | 244 | 2024-09-19 ~ 2025-09-18 | 0.2748 |
| LG디스플레이 | 034220 | 244 | 2024-09-19 ~ 2025-09-18 | 1.3128 |
| LG유플러스 | 032640 | 244 | 2024-09-19 ~ 2025-09-18 | 0.2539 |
| 강원랜드 | 035250 | 244 | 2024-09-19 ~ 2025-09-18 | 0.4100 |
| 동아쏘시오홀딩스 | 000640 | 244 | 2024-09-19 ~ 2025-09-18 | 0.2904 |
| 삼성물산 | 028260 | 244 | 2024-09-19 ~ 2025-09-18 | 1.0655 |
| 세아베스틸지주 | 001430 | 244 | 2024-09-19 ~ 2025-09-18 | 0.7042 |
| 아모레퍼시픽홀딩스 | 002790 | 244 | 2024-09-19 ~ 2025-09-18 | 0.8883 |
| 영원무역홀딩스 | 009970 | 244 | 2024-09-19 ~ 2025-09-18 | 0.6283 |
| 오리온홀딩스 | 001800 | 244 | 2024-09-19 ~ 2025-09-18 | 0.6623 |
| 현대지에프홀딩스 | 005440 | 244 | 2024-09-19 ~ 2025-09-18 | 0.8436 |

## EWMA Vol (1Y, λ=0.94, Daily)
- 기준일: **2025-09-18**, 윈도우: **2024-09-18 ~ 2025-09-18**
- 결과는 **일간 표준편차(σ)**이며 **연간화하지 않음**

| name | code | n | period | ewma_sigma_daily |
|---|---:|---:|---|---:|
| KT | 030200 | 244 | 2024-09-19 ~ 2025-09-18 | 0.012907 |
| LG디스플레이 | 034220 | 244 | 2024-09-19 ~ 2025-09-18 | 0.039172 |
| LG유플러스 | 032640 | 244 | 2024-09-19 ~ 2025-09-18 | 0.018145 |
| 강원랜드 | 035250 | 244 | 2024-09-19 ~ 2025-09-18 | 0.009455 |
| 동아쏘시오홀딩스 | 000640 | 244 | 2024-09-19 ~ 2025-09-18 | 0.018809 |
| 삼성물산 | 028260 | 244 | 2024-09-19 ~ 2025-09-18 | 0.023311 |
| 세아베스틸지주 | 001430 | 244 | 2024-09-19 ~ 2025-09-18 | 0.019201 |
| 아모레퍼시픽홀딩스 | 002790 | 244 | 2024-09-19 ~ 2025-09-18 | 0.015926 |
| 영원무역홀딩스 | 009970 | 244 | 2024-09-19 ~ 2025-09-18 | 0.022918 |
| 오리온홀딩스 | 001800 | 244 | 2024-09-19 ~ 2025-09-18 | 0.017469 |
| 현대지에프홀딩스 | 005440 | 244 | 2024-09-19 ~ 2025-09-18 | 0.034454 |
## 종목 간 상관관계 (1년)

- 기준일: 2025-09-18  | 기간: 2024-09-18 ~ 2025-09-18


| name | 동아쏘시오홀딩스 | 세아베스틸지주 | 오리온홀딩스 | 아모레퍼시픽홀딩스 | 현대지에프홀딩스 | 영원무역홀딩스 | 삼성물산 | KT | LG유플러스 | 강원랜드 | LG디스플레이 |
|---|---:|---:|---:|---:|---:|---:|---:|---:|---:|---:|---:|
| 동아쏘시오홀딩스 | 1.0000 | 0.1102 | 0.2788 | 0.2159 | 0.3269 | 0.2009 | 0.1468 | 0.0075 | 0.0419 | 0.1668 | 0.2134 |
| 세아베스틸지주 | 0.1102 | 1.0000 | 0.1744 | 0.2188 | 0.2457 | 0.2185 | 0.1060 | 0.0252 | 0.0694 | 0.2372 | 0.1866 |
| 오리온홀딩스 | 0.2788 | 0.1744 | 1.0000 | 0.3432 | 0.4751 | 0.3704 | 0.3062 | 0.1643 | 0.2362 | 0.1946 | 0.1611 |
| 아모레퍼시픽홀딩스 | 0.2159 | 0.2188 | 0.3432 | 1.0000 | 0.2711 | 0.2435 | 0.4168 | 0.1091 | 0.0739 | 0.2552 | 0.2695 |
| 현대지에프홀딩스 | 0.3269 | 0.2457 | 0.4751 | 0.2711 | 1.0000 | 0.3917 | 0.4143 | 0.1682 | 0.1620 | 0.2986 | 0.1769 |
| 영원무역홀딩스 | 0.2009 | 0.2185 | 0.3704 | 0.2435 | 0.3917 | 1.0000 | 0.3056 | 0.1962 | 0.1438 | 0.1290 | 0.1708 |
| 삼성물산 | 0.1468 | 0.1060 | 0.3062 | 0.4168 | 0.4143 | 0.3056 | 1.0000 | 0.1606 | 0.1412 | 0.2000 | 0.2596 |
| KT | 0.0075 | 0.0252 | 0.1643 | 0.1091 | 0.1682 | 0.1962 | 0.1606 | 1.0000 | 0.4048 | 0.1603 | 0.0359 |
| LG유플러스 | 0.0419 | 0.0694 | 0.2362 | 0.0739 | 0.1620 | 0.1438 | 0.1412 | 0.4048 | 1.0000 | 0.1927 | 0.1041 |
| 강원랜드 | 0.1668 | 0.2372 | 0.1946 | 0.2552 | 0.2986 | 0.1290 | 0.2000 | 0.1603 | 0.1927 | 1.0000 | 0.3024 |
| LG디스플레이 | 0.2134 | 0.1866 | 0.1611 | 0.2695 | 0.1769 | 0.1708 | 0.2596 | 0.0359 | 0.1041 | 0.3024 | 1.0000 |

## 포트폴리오 VaR (10-day, 99%) — 2025-09-18

- Total portfolio value (used): 11,379,580 KRW
- z-score: 2.33
- Portfolio σ (money, 10d): 419,635 KRW
- **Portfolio VaR (10d, 99%)**: **977,750 KRW**
- VaR / Portfolio value: **8.59%** → ✅ 15% 이하

## Top 10 Component VaR

| Rank | Name | Position (KRW) | σ10d | cVaR (KRW) | cVaR/Port | cVaR/Pos | Note |
|---:|---|---:|---:|---:|---:|---:|---|
| 1 | 영원무역홀딩스 | 2,280,000 | 0.0666 | 251,768 | 25.75% | 11.04% |  |
| 2 | 현대지에프홀딩스 | 778,500 | 0.1160 | 146,509 | 14.98% | 18.82% |  |
| 3 | 삼성물산 | 1,180,200 | 0.0764 | 130,316 | 13.33% | 11.04% |  |
| 4 | LG디스플레이 | 1,099,560 | 0.0942 | 129,167 | 13.21% | 11.75% |  |
| 5 | 동아쏘시오홀딩스 | 1,105,000 | 0.0578 | 67,847 | 6.94% | 6.14% |  |
| 6 | 오리온홀딩스 | 763,200 | 0.0544 | 56,985 | 5.83% | 7.47% |  |
| 7 | 세아베스틸지주 | 835,200 | 0.0681 | 55,060 | 5.63% | 6.59% |  |
| 8 | LG유플러스 | 921,320 | 0.0641 | 51,226 | 5.24% | 5.56% |  |
| 9 | 강원랜드 | 1,090,200 | 0.0319 | 35,845 | 3.67% | 3.29% |  |
| 10 | 아모레퍼시픽홀딩스 | 504,000 | 0.0523 | 30,765 | 3.15% | 6.10% |  |

- Σ cVaR (all names) = 977,750 KRW
