# 포트폴리오 보고서 (기준일: 2025-12-08)

## 요약
- 포트폴리오 **누적 수익률**: **13.99%**  (V₀=11,045,878, Vₜ=12,704,040)
- 포트폴리오 **일일 수익률**: **1.16%**  (공통 거래일: 2025-12-05 → 2025-12-08)
- KOSPI **일일 수익률**: **1.33%**  (비교 기준일: 2025-12-08)
- **초과수익률(일일)**: **-0.17%**

## 개별 종목 현황 (오늘 기준)

| name | code | shares | buy_price | last_date | close_last | r_i_cum | r_i_daily |
|---|---:|---:|---:|---|---:|---:|---:|
| KT | 030200 | 16 | 52,901 | 2025-12-08 | 51,500 | -2.68% | -3.06% |
| LG디스플레이 | 034220 | 84 | 11,940 | 2025-12-08 | 12,940 | 8.04% | -2.52% |
| LG유플러스 | 032640 | 62 | 14,955 | 2025-12-08 | 15,290 | 2.22% | -0.07% |
| 강원랜드 | 035250 | 60 | 18,291 | 2025-12-08 | 17,810 | -2.66% | -0.62% |
| 동아쏘시오홀딩스 | 000640 | 10 | 109,982 | 2025-12-08 | 120,400 | 9.05% | -0.50% |
| 삼성물산 | 028260 | 6 | 173,255 | 2025-12-08 | 251,500 | 37.27% | 3.03% |
| 세아베스틸지주 | 001430 | 32 | 27,976 | 2025-12-08 | 31,400 | 11.55% | 11.10% |
| 아모레퍼시픽홀딩스 | 002790 | 18 | 27,825 | 2025-12-08 | 27,750 | -0.27% | -0.72% |
| 영원무역홀딩스 | 009970 | 16 | 133,954 | 2025-12-08 | 192,700 | 36.36% | 2.63% |
| 오리온홀딩스 | 001800 | 36 | 21,026 | 2025-12-08 | 20,300 | -3.51% | -0.74% |
| 현대지에프홀딩스 | 005440 | 90 | 8,180 | 2025-12-08 | 8,280 | 1.22% | -1.20% |

## Beta (1Y, 일간 로그수익률)
- 기준일: **2025-12-08**, 윈도우: **2024-12-08 ~ 2025-12-08**

### 포트폴리오 Beta
- 관측치 수: **241**  (공통 거래일 기준)
- 기간: **2024-12-10 ~ 2025-12-08**
- **Beta (직접법)**: **0.5712**

### 개별 종목 Beta
| name | code | n | period | beta |
|---|---:|---:|---|---:|
| KT | 030200 | 242 | 2024-12-09 ~ 2025-12-08 | 0.2615 |
| LG디스플레이 | 034220 | 242 | 2024-12-09 ~ 2025-12-08 | 1.1255 |
| LG유플러스 | 032640 | 242 | 2024-12-09 ~ 2025-12-08 | 0.1880 |
| 강원랜드 | 035250 | 242 | 2024-12-09 ~ 2025-12-08 | 0.3185 |
| 동아쏘시오홀딩스 | 000640 | 242 | 2024-12-09 ~ 2025-12-08 | 0.2313 |
| 삼성물산 | 028260 | 242 | 2024-12-09 ~ 2025-12-08 | 1.0711 |
| 세아베스틸지주 | 001430 | 242 | 2024-12-09 ~ 2025-12-08 | 0.5988 |
| 아모레퍼시픽홀딩스 | 002790 | 242 | 2024-12-09 ~ 2025-12-08 | 0.6792 |
| 영원무역홀딩스 | 009970 | 242 | 2024-12-09 ~ 2025-12-08 | 0.6021 |
| 오리온홀딩스 | 001800 | 242 | 2024-12-09 ~ 2025-12-08 | 0.6126 |
| 현대지에프홀딩스 | 005440 | 242 | 2024-12-09 ~ 2025-12-08 | 0.7838 |

## EWMA Vol (1Y, λ=0.94, Daily)
- 기준일: **2025-12-08**, 윈도우: **2024-12-08 ~ 2025-12-08**
- 결과는 **일간 표준편차(σ)**이며 **연간화하지 않음**

| name | code | n | period | ewma_sigma_daily |
|---|---:|---:|---|---:|
| KT | 030200 | 242 | 2024-12-09 ~ 2025-12-08 | 0.015579 |
| LG디스플레이 | 034220 | 242 | 2024-12-09 ~ 2025-12-08 | 0.025472 |
| LG유플러스 | 032640 | 242 | 2024-12-09 ~ 2025-12-08 | 0.017767 |
| 강원랜드 | 035250 | 242 | 2024-12-09 ~ 2025-12-08 | 0.010100 |
| 동아쏘시오홀딩스 | 000640 | 242 | 2024-12-09 ~ 2025-12-08 | 0.017355 |
| 삼성물산 | 028260 | 242 | 2024-12-09 ~ 2025-12-08 | 0.033576 |
| 세아베스틸지주 | 001430 | 242 | 2024-12-09 ~ 2025-12-08 | 0.035299 |
| 아모레퍼시픽홀딩스 | 002790 | 242 | 2024-12-09 ~ 2025-12-08 | 0.024789 |
| 영원무역홀딩스 | 009970 | 242 | 2024-12-09 ~ 2025-12-08 | 0.036009 |
| 오리온홀딩스 | 001800 | 242 | 2024-12-09 ~ 2025-12-08 | 0.017097 |
| 현대지에프홀딩스 | 005440 | 242 | 2024-12-09 ~ 2025-12-08 | 0.025597 |
## 종목 간 상관관계 (1년)

- 기준일: 2025-12-08  | 기간: 2024-12-08 ~ 2025-12-08


| name | 동아쏘시오홀딩스 | 세아베스틸지주 | 오리온홀딩스 | 아모레퍼시픽홀딩스 | 현대지에프홀딩스 | 영원무역홀딩스 | 삼성물산 | KT | LG유플러스 | 강원랜드 | LG디스플레이 |
|---|---:|---:|---:|---:|---:|---:|---:|---:|---:|---:|---:|
| 동아쏘시오홀딩스 | 1.0000 | 0.1616 | 0.3146 | 0.1813 | 0.3234 | 0.2337 | 0.1806 | 0.0211 | 0.1079 | 0.1555 | 0.1934 |
| 세아베스틸지주 | 0.1616 | 1.0000 | 0.2105 | 0.2735 | 0.2541 | 0.1678 | 0.1271 | 0.0528 | 0.0937 | 0.2452 | 0.1269 |
| 오리온홀딩스 | 0.3146 | 0.2105 | 1.0000 | 0.3869 | 0.5666 | 0.3524 | 0.3195 | 0.1949 | 0.2398 | 0.2503 | 0.1678 |
| 아모레퍼시픽홀딩스 | 0.1813 | 0.2735 | 0.3869 | 1.0000 | 0.3206 | 0.1991 | 0.3544 | 0.2193 | 0.1629 | 0.2877 | 0.2033 |
| 현대지에프홀딩스 | 0.3234 | 0.2541 | 0.5666 | 0.3206 | 1.0000 | 0.4267 | 0.4035 | 0.2304 | 0.2223 | 0.3342 | 0.1995 |
| 영원무역홀딩스 | 0.2337 | 0.1678 | 0.3524 | 0.1991 | 0.4267 | 1.0000 | 0.2648 | 0.2474 | 0.1861 | 0.1597 | 0.1612 |
| 삼성물산 | 0.1806 | 0.1271 | 0.3195 | 0.3544 | 0.4035 | 0.2648 | 1.0000 | 0.2072 | 0.1394 | 0.1681 | 0.2689 |
| KT | 0.0211 | 0.0528 | 0.1949 | 0.2193 | 0.2304 | 0.2474 | 0.2072 | 1.0000 | 0.3087 | 0.1719 | 0.0976 |
| LG유플러스 | 0.1079 | 0.0937 | 0.2398 | 0.1629 | 0.2223 | 0.1861 | 0.1394 | 0.3087 | 1.0000 | 0.2025 | 0.1631 |
| 강원랜드 | 0.1555 | 0.2452 | 0.2503 | 0.2877 | 0.3342 | 0.1597 | 0.1681 | 0.1719 | 0.2025 | 1.0000 | 0.2874 |
| LG디스플레이 | 0.1934 | 0.1269 | 0.1678 | 0.2033 | 0.1995 | 0.1612 | 0.2689 | 0.0976 | 0.1631 | 0.2874 | 1.0000 |

## 포트폴리오 VaR (10-day, 99%) — 2025-12-08

- Total portfolio value (used): 12,704,040 KRW
- z-score: 2.33
- Portfolio σ (money, 10d): 577,904 KRW
- **Portfolio VaR (10d, 99%)**: **1,346,517 KRW**
- VaR / Portfolio value: **10.60%** → ✅ 15% 이하

## Top 10 Component VaR

| Rank | Name | Position (KRW) | σ10d | cVaR (KRW) | cVaR/Port | cVaR/Pos | Note |
|---:|---|---:|---:|---:|---:|---:|---|
| 1 | 영원무역홀딩스 | 3,083,200 | 0.1006 | 583,870 | 43.36% | 18.94% |  |
| 2 | 삼성물산 | 1,509,000 | 0.0955 | 199,657 | 14.83% | 13.23% |  |
| 3 | 세아베스틸지주 | 1,004,800 | 0.1301 | 142,202 | 10.56% | 14.15% |  |
| 4 | 현대지에프홀딩스 | 745,200 | 0.0828 | 95,706 | 7.11% | 12.84% |  |
| 5 | LG디스플레이 | 1,086,960 | 0.0649 | 67,231 | 4.99% | 6.19% |  |
| 6 | 동아쏘시오홀딩스 | 1,204,000 | 0.0533 | 64,123 | 4.76% | 5.33% |  |
| 7 | 오리온홀딩스 | 730,800 | 0.0528 | 51,374 | 3.82% | 7.03% |  |
| 8 | 아모레퍼시픽홀딩스 | 499,500 | 0.0776 | 42,714 | 3.17% | 8.55% |  |
| 9 | LG유플러스 | 947,980 | 0.0498 | 38,498 | 2.86% | 4.06% |  |
| 10 | 강원랜드 | 1,068,600 | 0.0345 | 34,060 | 2.53% | 3.19% |  |

- Σ cVaR (all names) = 1,346,517 KRW
