# 포트폴리오 보고서 (기준일: 2025-09-17)

## 요약
- 포트폴리오 **누적 수익률**: **2.73%**  (V₀=11,045,878, Vₜ=11,351,480)
- 포트폴리오 **일일 수익률**: **-1.33%**  (공통 거래일: 2025-09-16 → 2025-09-17)
- KOSPI **일일 수익률**: **-1.06%**  (비교 기준일: 2025-09-17)
- **초과수익률(일일)**: **-0.27%**

## 개별 종목 현황 (오늘 기준)

| name | code | shares | buy_price | last_date | close_last | r_i_cum | r_i_daily |
|---|---:|---:|---:|---|---:|---:|---:|
| KT | 030200 | 16 | 52,901 | 2025-09-17 | 51,000 | -3.66% | -0.59% |
| LG디스플레이 | 034220 | 84 | 11,940 | 2025-09-17 | 12,880 | 7.58% | -3.28% |
| LG유플러스 | 032640 | 62 | 14,955 | 2025-09-17 | 14,680 | -1.86% | -0.75% |
| 강원랜드 | 035250 | 60 | 18,291 | 2025-09-17 | 18,150 | -0.77% | 1.39% |
| 동아쏘시오홀딩스 | 000640 | 10 | 109,982 | 2025-09-17 | 110,400 | 0.38% | -0.81% |
| 삼성물산 | 028260 | 6 | 173,255 | 2025-09-17 | 193,000 | 10.79% | -1.49% |
| 세아베스틸지주 | 001430 | 32 | 27,976 | 2025-09-17 | 26,450 | -5.61% | 0.19% |
| 아모레퍼시픽홀딩스 | 002790 | 18 | 27,825 | 2025-09-17 | 27,550 | -0.99% | 1.65% |
| 영원무역홀딩스 | 009970 | 16 | 133,954 | 2025-09-17 | 143,600 | 6.95% | -2.82% |
| 오리온홀딩스 | 001800 | 36 | 21,026 | 2025-09-17 | 21,400 | 1.76% | -1.62% |
| 현대지에프홀딩스 | 005440 | 90 | 8,180 | 2025-09-17 | 8,690 | 6.05% | -3.06% |

## Beta (1Y, 일간 로그수익률)
- 기준일: **2025-09-17**, 윈도우: **2024-09-17 ~ 2025-09-17**

### 포트폴리오 Beta
- 관측치 수: **242**  (공통 거래일 기준)
- 기간: **2024-09-20 ~ 2025-09-17**
- **Beta (직접법)**: **0.6443**

### 개별 종목 Beta
| name | code | n | period | beta |
|---|---:|---:|---|---:|
| KT | 030200 | 243 | 2024-09-19 ~ 2025-09-17 | 0.2735 |
| LG디스플레이 | 034220 | 243 | 2024-09-19 ~ 2025-09-17 | 1.3133 |
| LG유플러스 | 032640 | 243 | 2024-09-19 ~ 2025-09-17 | 0.2513 |
| 강원랜드 | 035250 | 243 | 2024-09-19 ~ 2025-09-17 | 0.4115 |
| 동아쏘시오홀딩스 | 000640 | 243 | 2024-09-19 ~ 2025-09-17 | 0.2913 |
| 삼성물산 | 028260 | 243 | 2024-09-19 ~ 2025-09-17 | 1.0640 |
| 세아베스틸지주 | 001430 | 243 | 2024-09-19 ~ 2025-09-17 | 0.7125 |
| 아모레퍼시픽홀딩스 | 002790 | 243 | 2024-09-19 ~ 2025-09-17 | 0.8866 |
| 영원무역홀딩스 | 009970 | 243 | 2024-09-19 ~ 2025-09-17 | 0.6345 |
| 오리온홀딩스 | 001800 | 243 | 2024-09-19 ~ 2025-09-17 | 0.6690 |
| 현대지에프홀딩스 | 005440 | 243 | 2024-09-19 ~ 2025-09-17 | 0.8498 |

## EWMA Vol (1Y, λ=0.94, Daily)
- 기준일: **2025-09-17**, 윈도우: **2024-09-17 ~ 2025-09-17**
- 결과는 **일간 표준편차(σ)**이며 **연간화하지 않음**

| name | code | n | period | ewma_sigma_daily |
|---|---:|---:|---|---:|
| KT | 030200 | 243 | 2024-09-19 ~ 2025-09-17 | 0.013165 |
| LG디스플레이 | 034220 | 243 | 2024-09-19 ~ 2025-09-17 | 0.040195 |
| LG유플러스 | 032640 | 243 | 2024-09-19 ~ 2025-09-17 | 0.018460 |
| 강원랜드 | 035250 | 243 | 2024-09-19 ~ 2025-09-17 | 0.009748 |
| 동아쏘시오홀딩스 | 000640 | 243 | 2024-09-19 ~ 2025-09-17 | 0.019399 |
| 삼성물산 | 028260 | 243 | 2024-09-19 ~ 2025-09-17 | 0.023560 |
| 세아베스틸지주 | 001430 | 243 | 2024-09-19 ~ 2025-09-17 | 0.019517 |
| 아모레퍼시픽홀딩스 | 002790 | 243 | 2024-09-19 ~ 2025-09-17 | 0.015909 |
| 영원무역홀딩스 | 009970 | 243 | 2024-09-19 ~ 2025-09-17 | 0.023558 |
| 오리온홀딩스 | 001800 | 243 | 2024-09-19 ~ 2025-09-17 | 0.017861 |
| 현대지에프홀딩스 | 005440 | 243 | 2024-09-19 ~ 2025-09-17 | 0.035517 |
## 종목 간 상관관계 (1년)

- 기준일: 2025-09-17  | 기간: 2024-09-17 ~ 2025-09-17


| name | 동아쏘시오홀딩스 | 세아베스틸지주 | 오리온홀딩스 | 아모레퍼시픽홀딩스 | 현대지에프홀딩스 | 영원무역홀딩스 | 삼성물산 | KT | LG유플러스 | 강원랜드 | LG디스플레이 |
|---|---:|---:|---:|---:|---:|---:|---:|---:|---:|---:|---:|
| 동아쏘시오홀딩스 | 1.0000 | 0.1104 | 0.2791 | 0.2159 | 0.3271 | 0.2011 | 0.1469 | 0.0074 | 0.0418 | 0.1668 | 0.2134 |
| 세아베스틸지주 | 0.1104 | 1.0000 | 0.1735 | 0.2208 | 0.2453 | 0.2178 | 0.1078 | 0.0261 | 0.0710 | 0.2374 | 0.1880 |
| 오리온홀딩스 | 0.2791 | 0.1735 | 1.0000 | 0.3454 | 0.4748 | 0.3698 | 0.3085 | 0.1653 | 0.2382 | 0.1948 | 0.1625 |
| 아모레퍼시픽홀딩스 | 0.2159 | 0.2208 | 0.3454 | 1.0000 | 0.2723 | 0.2454 | 0.4154 | 0.1080 | 0.0717 | 0.2553 | 0.2682 |
| 현대지에프홀딩스 | 0.3271 | 0.2453 | 0.4748 | 0.2723 | 1.0000 | 0.3914 | 0.4158 | 0.1687 | 0.1630 | 0.2987 | 0.1776 |
| 영원무역홀딩스 | 0.2011 | 0.2178 | 0.3698 | 0.2454 | 0.3914 | 1.0000 | 0.3077 | 0.1972 | 0.1455 | 0.1292 | 0.1721 |
| 삼성물산 | 0.1469 | 0.1078 | 0.3085 | 0.4154 | 0.4158 | 0.3077 | 1.0000 | 0.1595 | 0.1391 | 0.2000 | 0.2583 |
| KT | 0.0074 | 0.0261 | 0.1653 | 0.1080 | 0.1687 | 0.1972 | 0.1595 | 1.0000 | 0.4041 | 0.1603 | 0.0350 |
| LG유플러스 | 0.0418 | 0.0710 | 0.2382 | 0.0717 | 0.1630 | 0.1455 | 0.1391 | 0.4041 | 1.0000 | 0.1927 | 0.1025 |
| 강원랜드 | 0.1668 | 0.2374 | 0.1948 | 0.2553 | 0.2987 | 0.1292 | 0.2000 | 0.1603 | 0.1927 | 1.0000 | 0.3024 |
| LG디스플레이 | 0.2134 | 0.1880 | 0.1625 | 0.2682 | 0.1776 | 0.1721 | 0.2583 | 0.0350 | 0.1025 | 0.3024 | 1.0000 |

## 포트폴리오 VaR (10-day, 99%) — 2025-09-17

- Total portfolio value (used): 11,351,480 KRW
- z-score: 2.33
- Portfolio σ (money, 10d): 428,701 KRW
- **Portfolio VaR (10d, 99%)**: **998,872 KRW**
- VaR / Portfolio value: **8.80%** → ✅ 15% 이하

## Top 10 Component VaR

| Rank | Name | Position (KRW) | σ10d | cVaR (KRW) | cVaR/Port | cVaR/Pos | Note |
|---:|---|---:|---:|---:|---:|---:|---|
| 1 | 영원무역홀딩스 | 2,297,600 | 0.0688 | 263,891 | 26.42% | 11.49% |  |
| 2 | 현대지에프홀딩스 | 782,100 | 0.1198 | 152,571 | 15.27% | 19.51% |  |
| 3 | LG디스플레이 | 1,081,920 | 0.0958 | 128,048 | 12.82% | 11.84% |  |
| 4 | 삼성물산 | 1,158,000 | 0.0769 | 127,530 | 12.77% | 11.01% |  |
| 5 | 동아쏘시오홀딩스 | 1,104,000 | 0.0596 | 70,088 | 7.02% | 6.35% |  |
| 6 | 오리온홀딩스 | 770,400 | 0.0556 | 59,063 | 5.91% | 7.67% |  |
| 7 | 세아베스틸지주 | 846,400 | 0.0691 | 56,899 | 5.70% | 6.72% |  |
| 8 | LG유플러스 | 910,160 | 0.0654 | 51,383 | 5.14% | 5.65% |  |
| 9 | 강원랜드 | 1,089,000 | 0.0329 | 36,837 | 3.69% | 3.38% |  |
| 10 | 아모레퍼시픽홀딩스 | 495,900 | 0.0522 | 30,012 | 3.00% | 6.05% |  |

- Σ cVaR (all names) = 998,872 KRW
