# 포트폴리오 보고서 (기준일: 2026-01-20)

## 요약
- 포트폴리오 **누적 수익률**: **24.35%**  (V₀=11,045,878, Vₜ=14,090,640)
- 포트폴리오 **일일 수익률**: **1.75%**  (공통 거래일: 2026-01-19 → 2026-01-20)
- KOSPI **일일 수익률**: **1.23%**  (비교 기준일: 2025-09-16)
- **초과수익률(일일)**: **0.52%**

## 개별 종목 현황 (오늘 기준)

| name | code | shares | buy_price | last_date | close_last | r_i_cum | r_i_daily |
|---|---:|---:|---:|---|---:|---:|---:|
| KT | 030200 | 16 | 52,901 | 2026-01-20 | 55,200 | 4.25% | 2.94% |
| LG디스플레이 | 034220 | 84 | 11,940 | 2026-01-20 | 12,470 | 4.34% | 0.08% |
| LG유플러스 | 032640 | 62 | 14,955 | 2026-01-20 | 15,430 | 3.13% | 2.43% |
| 강원랜드 | 035250 | 60 | 18,291 | 2026-01-20 | 17,940 | -1.94% | 1.52% |
| 동아쏘시오홀딩스 | 000640 | 10 | 109,982 | 2026-01-20 | 103,700 | -5.88% | 1.46% |
| 삼성물산 | 028260 | 6 | 173,255 | 2026-01-20 | 296,000 | 53.56% | 2.39% |
| 세아베스틸지주 | 001430 | 32 | 27,976 | 2026-01-20 | 73,600 | 96.73% | 2.89% |
| 아모레퍼시픽홀딩스 | 002790 | 18 | 27,825 | 2026-01-20 | 26,000 | -6.78% | 2.33% |
| 영원무역홀딩스 | 009970 | 16 | 133,954 | 2026-01-20 | 185,100 | 32.34% | -0.16% |
| 오리온홀딩스 | 001800 | 36 | 21,026 | 2026-01-20 | 21,100 | 0.35% | 3.37% |
| 현대지에프홀딩스 | 005440 | 90 | 8,180 | 2026-01-20 | 8,550 | 4.42% | 3.09% |

## Beta (1Y, 일간 로그수익률)
- 기준일: **2026-01-20**, 윈도우: **2025-01-20 ~ 2026-01-20**

### 포트폴리오 Beta
- 관측치 수: **160**  (공통 거래일 기준)
- 기간: **2025-01-21 ~ 2025-09-16**
- **Beta (직접법)**: **0.6618**

### 개별 종목 Beta
| name | code | n | period | beta |
|---|---:|---:|---|---:|
| KT | 030200 | 161 | 2025-01-20 ~ 2025-09-16 | 0.2819 |
| LG디스플레이 | 034220 | 161 | 2025-01-20 ~ 2025-09-16 | 1.2904 |
| LG유플러스 | 032640 | 161 | 2025-01-20 ~ 2025-09-16 | 0.2147 |
| 강원랜드 | 035250 | 161 | 2025-01-20 ~ 2025-09-16 | 0.3883 |
| 동아쏘시오홀딩스 | 000640 | 161 | 2025-01-20 ~ 2025-09-16 | 0.2643 |
| 삼성물산 | 028260 | 161 | 2025-01-20 ~ 2025-09-16 | 1.0042 |
| 세아베스틸지주 | 001430 | 161 | 2025-01-20 ~ 2025-09-16 | 0.6942 |
| 아모레퍼시픽홀딩스 | 002790 | 161 | 2025-01-20 ~ 2025-09-16 | 0.8380 |
| 영원무역홀딩스 | 009970 | 161 | 2025-01-20 ~ 2025-09-16 | 0.8052 |
| 오리온홀딩스 | 001800 | 161 | 2025-01-20 ~ 2025-09-16 | 0.7853 |
| 현대지에프홀딩스 | 005440 | 161 | 2025-01-20 ~ 2025-09-16 | 0.8669 |

## EWMA Vol (1Y, λ=0.94, Daily)
- 기준일: **2026-01-20**, 윈도우: **2025-01-20 ~ 2026-01-20**
- 결과는 **일간 표준편차(σ)**이며 **연간화하지 않음**

| name | code | n | period | ewma_sigma_daily |
|---|---:|---:|---|---:|
| KT | 030200 | 243 | 2025-01-20 ~ 2026-01-20 | 0.014815 |
| LG디스플레이 | 034220 | 243 | 2025-01-20 ~ 2026-01-20 | 0.018985 |
| LG유플러스 | 032640 | 243 | 2025-01-20 ~ 2026-01-20 | 0.015972 |
| 강원랜드 | 035250 | 243 | 2025-01-20 ~ 2026-01-20 | 0.011247 |
| 동아쏘시오홀딩스 | 000640 | 243 | 2025-01-20 ~ 2026-01-20 | 0.013264 |
| 삼성물산 | 028260 | 243 | 2025-01-20 ~ 2026-01-20 | 0.022601 |
| 세아베스틸지주 | 001430 | 243 | 2025-01-20 ~ 2026-01-20 | 0.063821 |
| 아모레퍼시픽홀딩스 | 002790 | 243 | 2025-01-20 ~ 2026-01-20 | 0.023279 |
| 영원무역홀딩스 | 009970 | 243 | 2025-01-20 ~ 2026-01-20 | 0.026187 |
| 오리온홀딩스 | 001800 | 243 | 2025-01-20 ~ 2026-01-20 | 0.015765 |
| 현대지에프홀딩스 | 005440 | 243 | 2025-01-20 ~ 2026-01-20 | 0.024863 |
## 종목 간 상관관계 (1년)

- 기준일: 2026-01-20  | 기간: 2025-01-20 ~ 2026-01-20


| name | 동아쏘시오홀딩스 | 세아베스틸지주 | 오리온홀딩스 | 아모레퍼시픽홀딩스 | 현대지에프홀딩스 | 영원무역홀딩스 | 삼성물산 | KT | LG유플러스 | 강원랜드 | LG디스플레이 |
|---|---:|---:|---:|---:|---:|---:|---:|---:|---:|---:|---:|
| 동아쏘시오홀딩스 | 1.0000 | 0.0812 | 0.3350 | 0.1749 | 0.3580 | 0.2313 | 0.1637 | 0.0899 | 0.1259 | 0.1863 | 0.2028 |
| 세아베스틸지주 | 0.0812 | 1.0000 | 0.1306 | 0.2010 | 0.1282 | 0.0710 | 0.0595 | 0.0114 | 0.0321 | 0.0929 | 0.0363 |
| 오리온홀딩스 | 0.3350 | 0.1306 | 1.0000 | 0.3649 | 0.5763 | 0.3689 | 0.3102 | 0.2184 | 0.2498 | 0.2294 | 0.1388 |
| 아모레퍼시픽홀딩스 | 0.1749 | 0.2010 | 0.3649 | 1.0000 | 0.3115 | 0.1756 | 0.3227 | 0.1788 | 0.1316 | 0.2313 | 0.1565 |
| 현대지에프홀딩스 | 0.3580 | 0.1282 | 0.5763 | 0.3115 | 1.0000 | 0.4367 | 0.3830 | 0.2286 | 0.1979 | 0.3190 | 0.1676 |
| 영원무역홀딩스 | 0.2313 | 0.0710 | 0.3689 | 0.1756 | 0.4367 | 1.0000 | 0.2623 | 0.2375 | 0.1811 | 0.1783 | 0.1347 |
| 삼성물산 | 0.1637 | 0.0595 | 0.3102 | 0.3227 | 0.3830 | 0.2623 | 1.0000 | 0.2110 | 0.1169 | 0.1193 | 0.2561 |
| KT | 0.0899 | 0.0114 | 0.2184 | 0.1788 | 0.2286 | 0.2375 | 0.2110 | 1.0000 | 0.2963 | 0.1971 | 0.0895 |
| LG유플러스 | 0.1259 | 0.0321 | 0.2498 | 0.1316 | 0.1979 | 0.1811 | 0.1169 | 0.2963 | 1.0000 | 0.2073 | 0.1530 |
| 강원랜드 | 0.1863 | 0.0929 | 0.2294 | 0.2313 | 0.3190 | 0.1783 | 0.1193 | 0.1971 | 0.2073 | 1.0000 | 0.2388 |
| LG디스플레이 | 0.2028 | 0.0363 | 0.1388 | 0.1565 | 0.1676 | 0.1347 | 0.2561 | 0.0895 | 0.1530 | 0.2388 | 1.0000 |

## 포트폴리오 VaR (10-day, 99%) — 2026-01-20

- Total portfolio value (used): 14,090,640 KRW
- z-score: 2.33
- Portfolio σ (money, 10d): 729,670 KRW
- **Portfolio VaR (10d, 99%)**: **1,700,131 KRW**
- VaR / Portfolio value: **12.07%** → ✅ 15% 이하

## Top 10 Component VaR

| Rank | Name | Position (KRW) | σ10d | cVaR (KRW) | cVaR/Port | cVaR/Pos | Note |
|---:|---|---:|---:|---:|---:|---:|---|
| 1 | 세아베스틸지주 | 2,355,200 | 0.2342 | 1,064,394 | 62.61% | 45.19% |  |
| 2 | 영원무역홀딩스 | 2,961,600 | 0.0722 | 253,466 | 14.91% | 8.56% |  |
| 3 | 삼성물산 | 1,776,000 | 0.0662 | 109,028 | 6.41% | 6.14% |  |
| 4 | 현대지에프홀딩스 | 769,500 | 0.0802 | 70,376 | 4.14% | 9.15% |  |
| 5 | 오리온홀딩스 | 759,600 | 0.0492 | 38,520 | 2.27% | 5.07% |  |
| 6 | 동아쏘시오홀딩스 | 1,037,000 | 0.0429 | 31,988 | 1.88% | 3.08% |  |
| 7 | 아모레퍼시픽홀딩스 | 468,000 | 0.0726 | 31,520 | 1.85% | 6.74% |  |
| 8 | LG디스플레이 | 1,047,480 | 0.0494 | 29,771 | 1.75% | 2.84% |  |
| 9 | 강원랜드 | 1,076,400 | 0.0391 | 29,284 | 1.72% | 2.72% |  |
| 10 | LG유플러스 | 956,660 | 0.0440 | 22,932 | 1.35% | 2.40% |  |

- Σ cVaR (all names) = 1,700,131 KRW
