# 포트폴리오 보고서 (기준일: 2025-10-17)

## 요약
- 포트폴리오 **누적 수익률**: **0.59%**  (V₀=11,045,878, Vₜ=11,110,700)
- 포트폴리오 **일일 수익률**: **-1.31%**  (공통 거래일: 2025-10-16 → 2025-10-17)
- KOSPI **일일 수익률**: **0.01%**  (비교 기준일: 2025-10-17)
- **초과수익률(일일)**: **-1.32%**

## 개별 종목 현황 (오늘 기준)

| name | code | shares | buy_price | last_date | close_last | r_i_cum | r_i_daily |
|---|---:|---:|---:|---|---:|---:|---:|
| KT | 030200 | 16 | 52,901 | 2025-10-17 | 49,950 | -5.74% | -0.10% |
| LG디스플레이 | 034220 | 84 | 11,940 | 2025-10-17 | 14,370 | 18.52% | -0.07% |
| LG유플러스 | 032640 | 62 | 14,955 | 2025-10-17 | 14,910 | -0.30% | -1.99% |
| 강원랜드 | 035250 | 60 | 18,291 | 2025-10-17 | 17,590 | -3.91% | -0.85% |
| 동아쏘시오홀딩스 | 000640 | 10 | 109,982 | 2025-10-17 | 106,300 | -3.41% | -1.12% |
| 삼성물산 | 028260 | 6 | 173,255 | 2025-10-17 | 210,500 | 19.47% | -3.04% |
| 세아베스틸지주 | 001430 | 32 | 27,976 | 2025-10-17 | 25,200 | -10.45% | -1.18% |
| 아모레퍼시픽홀딩스 | 002790 | 18 | 27,825 | 2025-10-17 | 25,500 | -8.73% | -2.33% |
| 영원무역홀딩스 | 009970 | 16 | 133,954 | 2025-10-17 | 133,300 | -0.49% | -0.07% |
| 오리온홀딩스 | 001800 | 36 | 21,026 | 2025-10-17 | 19,200 | -9.08% | -2.52% |
| 현대지에프홀딩스 | 005440 | 90 | 8,180 | 2025-10-17 | 7,880 | -3.74% | -3.61% |

## Beta (1Y, 일간 로그수익률)
- 기준일: **2025-10-17**, 윈도우: **2024-10-17 ~ 2025-10-17**

### 포트폴리오 Beta
- 관측치 수: **242**  (공통 거래일 기준)
- 기간: **2024-10-18 ~ 2025-10-17**
- **Beta (직접법)**: **0.6113**

### 개별 종목 Beta
| name | code | n | period | beta |
|---|---:|---:|---|---:|
| KT | 030200 | 243 | 2024-10-17 ~ 2025-10-17 | 0.2413 |
| LG디스플레이 | 034220 | 243 | 2024-10-17 ~ 2025-10-17 | 1.2763 |
| LG유플러스 | 032640 | 243 | 2024-10-17 ~ 2025-10-17 | 0.2403 |
| 강원랜드 | 035250 | 243 | 2024-10-17 ~ 2025-10-17 | 0.4064 |
| 동아쏘시오홀딩스 | 000640 | 243 | 2024-10-17 ~ 2025-10-17 | 0.2343 |
| 삼성물산 | 028260 | 243 | 2024-10-17 ~ 2025-10-17 | 1.1144 |
| 세아베스틸지주 | 001430 | 243 | 2024-10-17 ~ 2025-10-17 | 0.6067 |
| 아모레퍼시픽홀딩스 | 002790 | 243 | 2024-10-17 ~ 2025-10-17 | 0.8772 |
| 영원무역홀딩스 | 009970 | 243 | 2024-10-17 ~ 2025-10-17 | 0.5663 |
| 오리온홀딩스 | 001800 | 243 | 2024-10-17 ~ 2025-10-17 | 0.6295 |
| 현대지에프홀딩스 | 005440 | 243 | 2024-10-17 ~ 2025-10-17 | 0.7875 |

## EWMA Vol (1Y, λ=0.94, Daily)
- 기준일: **2025-10-17**, 윈도우: **2024-10-17 ~ 2025-10-17**
- 결과는 **일간 표준편차(σ)**이며 **연간화하지 않음**

| name | code | n | period | ewma_sigma_daily |
|---|---:|---:|---|---:|
| KT | 030200 | 243 | 2024-10-17 ~ 2025-10-17 | 0.013713 |
| LG디스플레이 | 034220 | 243 | 2024-10-17 ~ 2025-10-17 | 0.037012 |
| LG유플러스 | 032640 | 243 | 2024-10-17 ~ 2025-10-17 | 0.016327 |
| 강원랜드 | 035250 | 243 | 2024-10-17 ~ 2025-10-17 | 0.010082 |
| 동아쏘시오홀딩스 | 000640 | 243 | 2024-10-17 ~ 2025-10-17 | 0.017643 |
| 삼성물산 | 028260 | 243 | 2024-10-17 ~ 2025-10-17 | 0.028481 |
| 세아베스틸지주 | 001430 | 243 | 2024-10-17 ~ 2025-10-17 | 0.026233 |
| 아모레퍼시픽홀딩스 | 002790 | 243 | 2024-10-17 ~ 2025-10-17 | 0.015322 |
| 영원무역홀딩스 | 009970 | 243 | 2024-10-17 ~ 2025-10-17 | 0.019158 |
| 오리온홀딩스 | 001800 | 243 | 2024-10-17 ~ 2025-10-17 | 0.014257 |
| 현대지에프홀딩스 | 005440 | 243 | 2024-10-17 ~ 2025-10-17 | 0.027516 |
## 종목 간 상관관계 (1년)

- 기준일: 2025-10-17  | 기간: 2024-10-17 ~ 2025-10-17


| name | 동아쏘시오홀딩스 | 세아베스틸지주 | 오리온홀딩스 | 아모레퍼시픽홀딩스 | 현대지에프홀딩스 | 영원무역홀딩스 | 삼성물산 | KT | LG유플러스 | 강원랜드 | LG디스플레이 |
|---|---:|---:|---:|---:|---:|---:|---:|---:|---:|---:|---:|
| 동아쏘시오홀딩스 | 1.0000 | 0.1257 | 0.2863 | 0.2149 | 0.3074 | 0.2154 | 0.1096 | 0.0018 | 0.0711 | 0.1575 | 0.1800 |
| 세아베스틸지주 | 0.1257 | 1.0000 | 0.1753 | 0.2454 | 0.2470 | 0.2422 | 0.0843 | 0.0229 | 0.0567 | 0.2355 | 0.1268 |
| 오리온홀딩스 | 0.2863 | 0.1753 | 1.0000 | 0.3538 | 0.4948 | 0.3904 | 0.3096 | 0.1725 | 0.2353 | 0.2196 | 0.1449 |
| 아모레퍼시픽홀딩스 | 0.2149 | 0.2454 | 0.3538 | 1.0000 | 0.3178 | 0.2563 | 0.4427 | 0.1496 | 0.0817 | 0.2644 | 0.2457 |
| 현대지에프홀딩스 | 0.3074 | 0.2470 | 0.4948 | 0.3178 | 1.0000 | 0.3790 | 0.3798 | 0.1429 | 0.1654 | 0.2970 | 0.1571 |
| 영원무역홀딩스 | 0.2154 | 0.2422 | 0.3904 | 0.2563 | 0.3790 | 1.0000 | 0.2716 | 0.2013 | 0.1560 | 0.1406 | 0.1360 |
| 삼성물산 | 0.1096 | 0.0843 | 0.3096 | 0.4427 | 0.3798 | 0.2716 | 1.0000 | 0.1499 | 0.1451 | 0.1743 | 0.2537 |
| KT | 0.0018 | 0.0229 | 0.1725 | 0.1496 | 0.1429 | 0.2013 | 0.1499 | 1.0000 | 0.3881 | 0.1757 | 0.0135 |
| LG유플러스 | 0.0711 | 0.0567 | 0.2353 | 0.0817 | 0.1654 | 0.1560 | 0.1451 | 0.3881 | 1.0000 | 0.2085 | 0.1184 |
| 강원랜드 | 0.1575 | 0.2355 | 0.2196 | 0.2644 | 0.2970 | 0.1406 | 0.1743 | 0.1757 | 0.2085 | 1.0000 | 0.2949 |
| LG디스플레이 | 0.1800 | 0.1268 | 0.1449 | 0.2457 | 0.1571 | 0.1360 | 0.2537 | 0.0135 | 0.1184 | 0.2949 | 1.0000 |

## 포트폴리오 VaR (10-day, 99%) — 2025-10-17

- Total portfolio value (used): 11,110,700 KRW
- z-score: 2.33
- Portfolio σ (money, 10d): 392,436 KRW
- **Portfolio VaR (10d, 99%)**: **914,376 KRW**
- VaR / Portfolio value: **8.23%** → ✅ 15% 이하

## Top 10 Component VaR

| Rank | Name | Position (KRW) | σ10d | cVaR (KRW) | cVaR/Port | cVaR/Pos | Note |
|---:|---|---:|---:|---:|---:|---:|---|
| 1 | 영원무역홀딩스 | 2,132,800 | 0.0572 | 189,249 | 20.70% | 8.87% |  |
| 2 | 삼성물산 | 1,263,000 | 0.0903 | 169,938 | 18.59% | 13.46% |  |
| 3 | LG디스플레이 | 1,207,080 | 0.0927 | 142,632 | 15.60% | 11.82% |  |
| 4 | 현대지에프홀딩스 | 709,200 | 0.0915 | 98,315 | 10.75% | 13.86% |  |
| 5 | 세아베스틸지주 | 806,400 | 0.0934 | 78,245 | 8.56% | 9.70% |  |
| 6 | 동아쏘시오홀딩스 | 1,063,000 | 0.0562 | 60,682 | 6.64% | 5.71% |  |
| 7 | LG유플러스 | 924,420 | 0.0562 | 45,739 | 5.00% | 4.95% |  |
| 8 | 오리온홀딩스 | 691,200 | 0.0459 | 42,667 | 4.67% | 6.17% |  |
| 9 | 강원랜드 | 1,055,400 | 0.0334 | 37,752 | 4.13% | 3.58% |  |
| 10 | 아모레퍼시픽홀딩스 | 459,000 | 0.0478 | 27,688 | 3.03% | 6.03% |  |

- Σ cVaR (all names) = 914,376 KRW
