# 포트폴리오 보고서 (기준일: 2026-01-07)

## 요약
- 포트폴리오 **누적 수익률**: **18.61%**  (V₀=11,045,878, Vₜ=13,305,720)
- 포트폴리오 **일일 수익률**: **0.43%**  (공통 거래일: 2026-01-06 → 2026-01-07)
- KOSPI **일일 수익률**: **1.23%**  (비교 기준일: 2025-09-16)
- **초과수익률(일일)**: **-0.80%**

## 개별 종목 현황 (오늘 기준)

| name | code | shares | buy_price | last_date | close_last | r_i_cum | r_i_daily |
|---|---:|---:|---:|---|---:|---:|---:|
| KT | 030200 | 16 | 52,901 | 2026-01-07 | 52,400 | -0.95% | -0.76% |
| LG디스플레이 | 034220 | 84 | 11,940 | 2026-01-07 | 12,540 | 4.90% | 1.85% |
| LG유플러스 | 032640 | 62 | 14,955 | 2026-01-07 | 14,470 | -3.30% | -2.12% |
| 강원랜드 | 035250 | 60 | 18,291 | 2026-01-07 | 18,200 | -0.50% | -0.93% |
| 동아쏘시오홀딩스 | 000640 | 10 | 109,982 | 2026-01-07 | 106,800 | -2.94% | -0.37% |
| 삼성물산 | 028260 | 6 | 173,255 | 2026-01-07 | 265,000 | 42.50% | 1.90% |
| 세아베스틸지주 | 001430 | 32 | 27,976 | 2026-01-07 | 57,200 | 71.52% | 4.29% |
| 아모레퍼시픽홀딩스 | 002790 | 18 | 27,825 | 2026-01-07 | 26,050 | -6.59% | -3.58% |
| 영원무역홀딩스 | 009970 | 16 | 133,954 | 2026-01-07 | 189,400 | 34.64% | -0.05% |
| 오리온홀딩스 | 001800 | 36 | 21,026 | 2026-01-07 | 19,670 | -6.67% | -1.26% |
| 현대지에프홀딩스 | 005440 | 90 | 8,180 | 2026-01-07 | 8,100 | -0.98% | -0.12% |

## Beta (1Y, 일간 로그수익률)
- 기준일: **2026-01-07**, 윈도우: **2025-01-07 ~ 2026-01-07**

### 포트폴리오 Beta
- 관측치 수: **169**  (공통 거래일 기준)
- 기간: **2025-01-08 ~ 2025-09-16**
- **Beta (직접법)**: **0.6581**

### 개별 종목 Beta
| name | code | n | period | beta |
|---|---:|---:|---|---:|
| KT | 030200 | 170 | 2025-01-07 ~ 2025-09-16 | 0.2758 |
| LG디스플레이 | 034220 | 170 | 2025-01-07 ~ 2025-09-16 | 1.2835 |
| LG유플러스 | 032640 | 170 | 2025-01-07 ~ 2025-09-16 | 0.2145 |
| 강원랜드 | 035250 | 170 | 2025-01-07 ~ 2025-09-16 | 0.3778 |
| 동아쏘시오홀딩스 | 000640 | 170 | 2025-01-07 ~ 2025-09-16 | 0.2724 |
| 삼성물산 | 028260 | 170 | 2025-01-07 ~ 2025-09-16 | 1.0125 |
| 세아베스틸지주 | 001430 | 170 | 2025-01-07 ~ 2025-09-16 | 0.6829 |
| 아모레퍼시픽홀딩스 | 002790 | 170 | 2025-01-07 ~ 2025-09-16 | 0.8484 |
| 영원무역홀딩스 | 009970 | 170 | 2025-01-07 ~ 2025-09-16 | 0.8016 |
| 오리온홀딩스 | 001800 | 170 | 2025-01-07 ~ 2025-09-16 | 0.7692 |
| 현대지에프홀딩스 | 005440 | 170 | 2025-01-07 ~ 2025-09-16 | 0.8603 |

## EWMA Vol (1Y, λ=0.94, Daily)
- 기준일: **2026-01-07**, 윈도우: **2025-01-07 ~ 2026-01-07**
- 결과는 **일간 표준편차(σ)**이며 **연간화하지 않음**

| name | code | n | period | ewma_sigma_daily |
|---|---:|---:|---|---:|
| KT | 030200 | 243 | 2025-01-07 ~ 2026-01-07 | 0.014364 |
| LG디스플레이 | 034220 | 243 | 2025-01-07 ~ 2026-01-07 | 0.019665 |
| LG유플러스 | 032640 | 243 | 2025-01-07 ~ 2026-01-07 | 0.015326 |
| 강원랜드 | 035250 | 243 | 2025-01-07 ~ 2026-01-07 | 0.012585 |
| 동아쏘시오홀딩스 | 000640 | 243 | 2025-01-07 ~ 2026-01-07 | 0.013773 |
| 삼성물산 | 028260 | 243 | 2025-01-07 ~ 2026-01-07 | 0.025117 |
| 세아베스틸지주 | 001430 | 243 | 2025-01-07 ~ 2026-01-07 | 0.075514 |
| 아모레퍼시픽홀딩스 | 002790 | 243 | 2025-01-07 ~ 2026-01-07 | 0.028499 |
| 영원무역홀딩스 | 009970 | 243 | 2025-01-07 ~ 2026-01-07 | 0.031022 |
| 오리온홀딩스 | 001800 | 243 | 2025-01-07 ~ 2026-01-07 | 0.015131 |
| 현대지에프홀딩스 | 005440 | 243 | 2025-01-07 ~ 2026-01-07 | 0.020807 |
## 종목 간 상관관계 (1년)

- 기준일: 2026-01-07  | 기간: 2025-01-07 ~ 2026-01-07


| name | 동아쏘시오홀딩스 | 세아베스틸지주 | 오리온홀딩스 | 아모레퍼시픽홀딩스 | 현대지에프홀딩스 | 영원무역홀딩스 | 삼성물산 | KT | LG유플러스 | 강원랜드 | LG디스플레이 |
|---|---:|---:|---:|---:|---:|---:|---:|---:|---:|---:|---:|
| 동아쏘시오홀딩스 | 1.0000 | 0.0828 | 0.3292 | 0.1603 | 0.3578 | 0.2270 | 0.1689 | 0.0744 | 0.1456 | 0.1699 | 0.2060 |
| 세아베스틸지주 | 0.0828 | 1.0000 | 0.1307 | 0.2028 | 0.1436 | 0.0880 | 0.0687 | 0.0086 | 0.0216 | 0.0994 | 0.0437 |
| 오리온홀딩스 | 0.3292 | 0.1307 | 1.0000 | 0.3526 | 0.5734 | 0.3703 | 0.3033 | 0.2060 | 0.2410 | 0.2260 | 0.1415 |
| 아모레퍼시픽홀딩스 | 0.1603 | 0.2028 | 0.3526 | 1.0000 | 0.2967 | 0.1668 | 0.3237 | 0.1716 | 0.1279 | 0.2144 | 0.1534 |
| 현대지에프홀딩스 | 0.3578 | 0.1436 | 0.5734 | 0.2967 | 1.0000 | 0.4369 | 0.3782 | 0.2069 | 0.2056 | 0.3241 | 0.1700 |
| 영원무역홀딩스 | 0.2270 | 0.0880 | 0.3703 | 0.1668 | 0.4369 | 1.0000 | 0.2614 | 0.2449 | 0.1890 | 0.1748 | 0.1438 |
| 삼성물산 | 0.1689 | 0.0687 | 0.3033 | 0.3237 | 0.3782 | 0.2614 | 1.0000 | 0.1951 | 0.1162 | 0.1132 | 0.2608 |
| KT | 0.0744 | 0.0086 | 0.2060 | 0.1716 | 0.2069 | 0.2449 | 0.1951 | 1.0000 | 0.2769 | 0.1763 | 0.0798 |
| LG유플러스 | 0.1456 | 0.0216 | 0.2410 | 0.1279 | 0.2056 | 0.1890 | 0.1162 | 0.2769 | 1.0000 | 0.1924 | 0.1534 |
| 강원랜드 | 0.1699 | 0.0994 | 0.2260 | 0.2144 | 0.3241 | 0.1748 | 0.1132 | 0.1763 | 0.1924 | 1.0000 | 0.2376 |
| LG디스플레이 | 0.2060 | 0.0437 | 0.1415 | 0.1534 | 0.1700 | 0.1438 | 0.2608 | 0.0798 | 0.1534 | 0.2376 | 1.0000 |

## 포트폴리오 VaR (10-day, 99%) — 2026-01-07

- Total portfolio value (used): 13,305,720 KRW
- z-score: 2.33
- Portfolio σ (money, 10d): 706,009 KRW
- **Portfolio VaR (10d, 99%)**: **1,645,000 KRW**
- VaR / Portfolio value: **12.36%** → ✅ 15% 이하

## Top 10 Component VaR

| Rank | Name | Position (KRW) | σ10d | cVaR (KRW) | cVaR/Port | cVaR/Pos | Note |
|---:|---|---:|---:|---:|---:|---:|---|
| 1 | 세아베스틸지주 | 1,830,400 | 0.2681 | 896,451 | 54.50% | 48.98% |  |
| 2 | 영원무역홀딩스 | 3,030,400 | 0.0857 | 356,643 | 21.68% | 11.77% |  |
| 3 | 삼성물산 | 1,590,000 | 0.0718 | 111,821 | 6.80% | 7.03% |  |
| 4 | 현대지에프홀딩스 | 729,000 | 0.0679 | 59,550 | 3.62% | 8.17% |  |
| 5 | 아모레퍼시픽홀딩스 | 468,900 | 0.0883 | 38,872 | 2.36% | 8.29% |  |
| 6 | 동아쏘시오홀딩스 | 1,068,000 | 0.0460 | 37,437 | 2.28% | 3.51% |  |
| 7 | 오리온홀딩스 | 708,120 | 0.0472 | 35,453 | 2.16% | 5.01% |  |
| 8 | LG디스플레이 | 1,053,360 | 0.0521 | 34,882 | 2.12% | 3.31% |  |
| 9 | 강원랜드 | 1,092,000 | 0.0436 | 34,807 | 2.12% | 3.19% |  |
| 10 | LG유플러스 | 897,140 | 0.0430 | 21,455 | 1.30% | 2.39% |  |

- Σ cVaR (all names) = 1,645,000 KRW
