# 포트폴리오 보고서 (기준일: 2026-01-29)

## 요약
- 포트폴리오 **누적 수익률**: **27.66%**  (V₀=11,045,878, Vₜ=14,564,800)
- 포트폴리오 **일일 수익률**: **2.14%**  (공통 거래일: 2026-01-28 → 2026-01-29)
- KOSPI **일일 수익률**: **1.23%**  (비교 기준일: 2025-09-16)
- **초과수익률(일일)**: **0.91%**

## 개별 종목 현황 (오늘 기준)

| name | code | shares | buy_price | last_date | close_last | r_i_cum | r_i_daily |
|---|---:|---:|---:|---|---:|---:|---:|
| KT | 030200 | 16 | 52,901 | 2026-01-29 | 56,100 | 5.87% | 0.36% |
| LG디스플레이 | 034220 | 84 | 11,940 | 2026-01-29 | 11,810 | -1.09% | -2.67% |
| LG유플러스 | 032640 | 62 | 14,955 | 2026-01-29 | 16,130 | 7.56% | 0.68% |
| 강원랜드 | 035250 | 60 | 18,291 | 2026-01-29 | 17,630 | -3.68% | 1.14% |
| 동아쏘시오홀딩스 | 000640 | 10 | 109,982 | 2026-01-29 | 109,500 | -0.44% | 1.38% |
| 삼성물산 | 028260 | 6 | 173,255 | 2026-01-29 | 303,000 | 55.90% | 0.33% |
| 세아베스틸지주 | 001430 | 32 | 27,976 | 2026-01-29 | 73,100 | 96.05% | 6.79% |
| 아모레퍼시픽홀딩스 | 002790 | 18 | 27,825 | 2026-01-29 | 29,150 | 4.65% | 1.73% |
| 영원무역홀딩스 | 009970 | 16 | 133,954 | 2026-01-29 | 201,500 | 40.83% | 2.31% |
| 오리온홀딩스 | 001800 | 36 | 21,026 | 2026-01-29 | 21,200 | 0.82% | 1.43% |
| 현대지에프홀딩스 | 005440 | 90 | 8,180 | 2026-01-29 | 9,480 | 14.75% | 5.53% |

## Beta (1Y, 일간 로그수익률)
- 기준일: **2026-01-29**, 윈도우: **2025-01-29 ~ 2026-01-29**

### 포트폴리오 Beta
- 관측치 수: **155**  (공통 거래일 기준)
- 기간: **2025-02-03 ~ 2025-09-16**
- **Beta (직접법)**: **0.6691**

### 개별 종목 Beta
| name | code | n | period | beta |
|---|---:|---:|---|---:|
| KT | 030200 | 156 | 2025-01-31 ~ 2025-09-16 | 0.2835 |
| LG디스플레이 | 034220 | 156 | 2025-01-31 ~ 2025-09-16 | 1.2868 |
| LG유플러스 | 032640 | 156 | 2025-01-31 ~ 2025-09-16 | 0.2128 |
| 강원랜드 | 035250 | 156 | 2025-01-31 ~ 2025-09-16 | 0.3891 |
| 동아쏘시오홀딩스 | 000640 | 156 | 2025-01-31 ~ 2025-09-16 | 0.2775 |
| 삼성물산 | 028260 | 156 | 2025-01-31 ~ 2025-09-16 | 0.9759 |
| 세아베스틸지주 | 001430 | 156 | 2025-01-31 ~ 2025-09-16 | 0.6900 |
| 아모레퍼시픽홀딩스 | 002790 | 156 | 2025-01-31 ~ 2025-09-16 | 0.8359 |
| 영원무역홀딩스 | 009970 | 156 | 2025-01-31 ~ 2025-09-16 | 0.8178 |
| 오리온홀딩스 | 001800 | 156 | 2025-01-31 ~ 2025-09-16 | 0.7879 |
| 현대지에프홀딩스 | 005440 | 156 | 2025-01-31 ~ 2025-09-16 | 0.8781 |

## EWMA Vol (1Y, λ=0.94, Daily)
- 기준일: **2026-01-29**, 윈도우: **2025-01-29 ~ 2026-01-29**
- 결과는 **일간 표준편차(σ)**이며 **연간화하지 않음**

| name | code | n | period | ewma_sigma_daily |
|---|---:|---:|---|---:|
| KT | 030200 | 245 | 2025-01-31 ~ 2026-01-29 | 0.014095 |
| LG디스플레이 | 034220 | 245 | 2025-01-31 ~ 2026-01-29 | 0.019648 |
| LG유플러스 | 032640 | 245 | 2025-01-31 ~ 2026-01-29 | 0.021588 |
| 강원랜드 | 035250 | 245 | 2025-01-31 ~ 2026-01-29 | 0.010209 |
| 동아쏘시오홀딩스 | 000640 | 245 | 2025-01-31 ~ 2026-01-29 | 0.015100 |
| 삼성물산 | 028260 | 245 | 2025-01-31 ~ 2026-01-29 | 0.020383 |
| 세아베스틸지주 | 001430 | 245 | 2025-01-31 ~ 2026-01-29 | 0.058577 |
| 아모레퍼시픽홀딩스 | 002790 | 245 | 2025-01-31 ~ 2026-01-29 | 0.026492 |
| 영원무역홀딩스 | 009970 | 245 | 2025-01-31 ~ 2026-01-29 | 0.025512 |
| 오리온홀딩스 | 001800 | 245 | 2025-01-31 ~ 2026-01-29 | 0.016168 |
| 현대지에프홀딩스 | 005440 | 245 | 2025-01-31 ~ 2026-01-29 | 0.025930 |
## 종목 간 상관관계 (1년)

- 기준일: 2026-01-29  | 기간: 2025-01-29 ~ 2026-01-29


| name | 동아쏘시오홀딩스 | 세아베스틸지주 | 오리온홀딩스 | 아모레퍼시픽홀딩스 | 현대지에프홀딩스 | 영원무역홀딩스 | 삼성물산 | KT | LG유플러스 | 강원랜드 | LG디스플레이 |
|---|---:|---:|---:|---:|---:|---:|---:|---:|---:|---:|---:|
| 동아쏘시오홀딩스 | 1.0000 | 0.0701 | 0.3384 | 0.2032 | 0.3678 | 0.2166 | 0.1673 | 0.0948 | 0.1472 | 0.1805 | 0.2074 |
| 세아베스틸지주 | 0.0701 | 1.0000 | 0.1356 | 0.1932 | 0.1289 | 0.0932 | 0.0656 | 0.0137 | 0.0332 | 0.1118 | 0.0190 |
| 오리온홀딩스 | 0.3384 | 0.1356 | 1.0000 | 0.3654 | 0.5728 | 0.3636 | 0.3109 | 0.2121 | 0.2388 | 0.2297 | 0.1363 |
| 아모레퍼시픽홀딩스 | 0.2032 | 0.1932 | 0.3654 | 1.0000 | 0.3216 | 0.1705 | 0.3171 | 0.1610 | 0.1261 | 0.2175 | 0.1472 |
| 현대지에프홀딩스 | 0.3678 | 0.1289 | 0.5728 | 0.3216 | 1.0000 | 0.4221 | 0.3786 | 0.2253 | 0.2015 | 0.3147 | 0.1565 |
| 영원무역홀딩스 | 0.2166 | 0.0932 | 0.3636 | 0.1705 | 0.4221 | 1.0000 | 0.2730 | 0.2316 | 0.1765 | 0.1772 | 0.1230 |
| 삼성물산 | 0.1673 | 0.0656 | 0.3109 | 0.3171 | 0.3786 | 0.2730 | 1.0000 | 0.2146 | 0.1067 | 0.1205 | 0.2437 |
| KT | 0.0948 | 0.0137 | 0.2121 | 0.1610 | 0.2253 | 0.2316 | 0.2146 | 1.0000 | 0.3187 | 0.1995 | 0.0836 |
| LG유플러스 | 0.1472 | 0.0332 | 0.2388 | 0.1261 | 0.2015 | 0.1765 | 0.1067 | 0.3187 | 1.0000 | 0.2139 | 0.1400 |
| 강원랜드 | 0.1805 | 0.1118 | 0.2297 | 0.2175 | 0.3147 | 0.1772 | 0.1205 | 0.1995 | 0.2139 | 1.0000 | 0.2293 |
| LG디스플레이 | 0.2074 | 0.0190 | 0.1363 | 0.1472 | 0.1565 | 0.1230 | 0.2437 | 0.0836 | 0.1400 | 0.2293 | 1.0000 |

## 포트폴리오 VaR (10-day, 99%) — 2026-01-29

- Total portfolio value (used): 14,564,800 KRW
- z-score: 2.33
- Portfolio σ (money, 10d): 703,417 KRW
- **Portfolio VaR (10d, 99%)**: **1,638,961 KRW**
- VaR / Portfolio value: **11.25%** → ✅ 15% 이하

## Top 10 Component VaR

| Rank | Name | Position (KRW) | σ10d | cVaR (KRW) | cVaR/Port | cVaR/Pos | Note |
|---:|---|---:|---:|---:|---:|---:|---|
| 1 | 세아베스틸지주 | 2,339,200 | 0.2115 | 913,072 | 55.71% | 39.03% |  |
| 2 | 영원무역홀딩스 | 3,224,000 | 0.0696 | 293,412 | 17.90% | 9.10% |  |
| 3 | 삼성물산 | 1,818,000 | 0.0601 | 106,764 | 6.51% | 5.87% |  |
| 4 | 현대지에프홀딩스 | 853,200 | 0.0846 | 87,665 | 5.35% | 10.27% |  |
| 5 | 아모레퍼시픽홀딩스 | 524,700 | 0.0840 | 42,162 | 2.57% | 8.04% |  |
| 6 | 오리온홀딩스 | 763,200 | 0.0499 | 41,939 | 2.56% | 5.50% |  |
| 7 | 동아쏘시오홀딩스 | 1,095,000 | 0.0487 | 41,010 | 2.50% | 3.75% |  |
| 8 | LG유플러스 | 1,000,060 | 0.0582 | 36,330 | 2.22% | 3.63% |  |
| 9 | LG디스플레이 | 992,040 | 0.0514 | 28,435 | 1.73% | 2.87% |  |
| 10 | 강원랜드 | 1,057,800 | 0.0354 | 28,209 | 1.72% | 2.67% |  |

- Σ cVaR (all names) = 1,638,961 KRW
