# 포트폴리오 보고서 (기준일: 2025-12-01)

## 요약
- 포트폴리오 **누적 수익률**: **7.23%**  (V₀=11,045,878, Vₜ=11,874,280)
- 포트폴리오 **일일 수익률**: **-0.03%**  (공통 거래일: 2025-11-28 → 2025-12-01)
- KOSPI **일일 수익률**: **-0.16%**  (비교 기준일: 2025-12-01)
- **초과수익률(일일)**: **0.13%**

## 개별 종목 현황 (오늘 기준)

| name | code | shares | buy_price | last_date | close_last | r_i_cum | r_i_daily |
|---|---:|---:|---:|---|---:|---:|---:|
| KT | 030200 | 16 | 52,901 | 2025-12-01 | 50,400 | -4.84% | 0.00% |
| LG디스플레이 | 034220 | 84 | 11,940 | 2025-12-01 | 12,330 | 3.21% | -1.69% |
| LG유플러스 | 032640 | 62 | 14,955 | 2025-12-01 | 15,240 | 1.89% | 1.19% |
| 강원랜드 | 035250 | 60 | 18,291 | 2025-12-01 | 18,060 | -1.27% | 0.39% |
| 동아쏘시오홀딩스 | 000640 | 10 | 109,982 | 2025-12-01 | 114,900 | 4.37% | 0.35% |
| 삼성물산 | 028260 | 6 | 173,255 | 2025-12-01 | 226,500 | 26.80% | 0.66% |
| 세아베스틸지주 | 001430 | 32 | 27,976 | 2025-12-01 | 27,550 | -1.53% | -1.26% |
| 아모레퍼시픽홀딩스 | 002790 | 18 | 27,825 | 2025-12-01 | 28,350 | 1.87% | -0.35% |
| 영원무역홀딩스 | 009970 | 16 | 133,954 | 2025-12-01 | 166,700 | 21.87% | 0.48% |
| 오리온홀딩스 | 001800 | 36 | 21,026 | 2025-12-01 | 19,880 | -5.60% | -1.84% |
| 현대지에프홀딩스 | 005440 | 90 | 8,180 | 2025-12-01 | 8,010 | -2.10% | -0.12% |

## Beta (1Y, 일간 로그수익률)
- 기준일: **2025-12-01**, 윈도우: **2024-12-01 ~ 2025-12-01**

### 포트폴리오 Beta
- 관측치 수: **241**  (공통 거래일 기준)
- 기간: **2024-12-03 ~ 2025-12-01**
- **Beta (직접법)**: **0.5891**

### 개별 종목 Beta
| name | code | n | period | beta |
|---|---:|---:|---|---:|
| KT | 030200 | 242 | 2024-12-02 ~ 2025-12-01 | 0.2727 |
| LG디스플레이 | 034220 | 242 | 2024-12-02 ~ 2025-12-01 | 1.1412 |
| LG유플러스 | 032640 | 242 | 2024-12-02 ~ 2025-12-01 | 0.1988 |
| 강원랜드 | 035250 | 242 | 2024-12-02 ~ 2025-12-01 | 0.3553 |
| 동아쏘시오홀딩스 | 000640 | 242 | 2024-12-02 ~ 2025-12-01 | 0.2405 |
| 삼성물산 | 028260 | 242 | 2024-12-02 ~ 2025-12-01 | 1.0628 |
| 세아베스틸지주 | 001430 | 242 | 2024-12-02 ~ 2025-12-01 | 0.6068 |
| 아모레퍼시픽홀딩스 | 002790 | 242 | 2024-12-02 ~ 2025-12-01 | 0.7113 |
| 영원무역홀딩스 | 009970 | 242 | 2024-12-02 ~ 2025-12-01 | 0.5773 |
| 오리온홀딩스 | 001800 | 242 | 2024-12-02 ~ 2025-12-01 | 0.6326 |
| 현대지에프홀딩스 | 005440 | 242 | 2024-12-02 ~ 2025-12-01 | 0.8043 |

## EWMA Vol (1Y, λ=0.94, Daily)
- 기준일: **2025-12-01**, 윈도우: **2024-12-01 ~ 2025-12-01**
- 결과는 **일간 표준편차(σ)**이며 **연간화하지 않음**

| name | code | n | period | ewma_sigma_daily |
|---|---:|---:|---|---:|
| KT | 030200 | 242 | 2024-12-02 ~ 2025-12-01 | 0.010349 |
| LG디스플레이 | 034220 | 242 | 2024-12-02 ~ 2025-12-01 | 0.026542 |
| LG유플러스 | 032640 | 242 | 2024-12-02 ~ 2025-12-01 | 0.020630 |
| 강원랜드 | 035250 | 242 | 2024-12-02 ~ 2025-12-01 | 0.011376 |
| 동아쏘시오홀딩스 | 000640 | 242 | 2024-12-02 ~ 2025-12-01 | 0.016992 |
| 삼성물산 | 028260 | 242 | 2024-12-02 ~ 2025-12-01 | 0.029437 |
| 세아베스틸지주 | 001430 | 242 | 2024-12-02 ~ 2025-12-01 | 0.025647 |
| 아모레퍼시픽홀딩스 | 002790 | 242 | 2024-12-02 ~ 2025-12-01 | 0.027825 |
| 영원무역홀딩스 | 009970 | 242 | 2024-12-02 ~ 2025-12-01 | 0.035123 |
| 오리온홀딩스 | 001800 | 242 | 2024-12-02 ~ 2025-12-01 | 0.018303 |
| 현대지에프홀딩스 | 005440 | 242 | 2024-12-02 ~ 2025-12-01 | 0.028061 |
## 종목 간 상관관계 (1년)

- 기준일: 2025-12-01  | 기간: 2024-12-01 ~ 2025-12-01


| name | 동아쏘시오홀딩스 | 세아베스틸지주 | 오리온홀딩스 | 아모레퍼시픽홀딩스 | 현대지에프홀딩스 | 영원무역홀딩스 | 삼성물산 | KT | LG유플러스 | 강원랜드 | LG디스플레이 |
|---|---:|---:|---:|---:|---:|---:|---:|---:|---:|---:|---:|
| 동아쏘시오홀딩스 | 1.0000 | 0.1959 | 0.3205 | 0.1974 | 0.3168 | 0.2262 | 0.1837 | 0.0208 | 0.1252 | 0.1746 | 0.1962 |
| 세아베스틸지주 | 0.1959 | 1.0000 | 0.2363 | 0.3011 | 0.2732 | 0.1657 | 0.1105 | 0.0967 | 0.1159 | 0.3029 | 0.1627 |
| 오리온홀딩스 | 0.3205 | 0.2363 | 1.0000 | 0.3943 | 0.5649 | 0.3666 | 0.3239 | 0.1900 | 0.2435 | 0.2652 | 0.1730 |
| 아모레퍼시픽홀딩스 | 0.1974 | 0.3011 | 0.3943 | 1.0000 | 0.3270 | 0.2178 | 0.3591 | 0.2216 | 0.1691 | 0.3072 | 0.2166 |
| 현대지에프홀딩스 | 0.3168 | 0.2732 | 0.5649 | 0.3270 | 1.0000 | 0.4334 | 0.4094 | 0.2364 | 0.2177 | 0.3402 | 0.1974 |
| 영원무역홀딩스 | 0.2262 | 0.1657 | 0.3666 | 0.2178 | 0.4334 | 1.0000 | 0.2767 | 0.2568 | 0.1977 | 0.1701 | 0.1610 |
| 삼성물산 | 0.1837 | 0.1105 | 0.3239 | 0.3591 | 0.4094 | 0.2767 | 1.0000 | 0.1850 | 0.1411 | 0.1860 | 0.2776 |
| KT | 0.0208 | 0.0967 | 0.1900 | 0.2216 | 0.2364 | 0.2568 | 0.1850 | 1.0000 | 0.3049 | 0.1789 | 0.0815 |
| LG유플러스 | 0.1252 | 0.1159 | 0.2435 | 0.1691 | 0.2177 | 0.1977 | 0.1411 | 0.3049 | 1.0000 | 0.2085 | 0.1725 |
| 강원랜드 | 0.1746 | 0.3029 | 0.2652 | 0.3072 | 0.3402 | 0.1701 | 0.1860 | 0.1789 | 0.2085 | 1.0000 | 0.3019 |
| LG디스플레이 | 0.1962 | 0.1627 | 0.1730 | 0.2166 | 0.1974 | 0.1610 | 0.2776 | 0.0815 | 0.1725 | 0.3019 | 1.0000 |

## 포트폴리오 VaR (10-day, 99%) — 2025-12-01

- Total portfolio value (used): 11,874,280 KRW
- z-score: 2.33
- Portfolio σ (money, 10d): 514,835 KRW
- **Portfolio VaR (10d, 99%)**: **1,199,566 KRW**
- VaR / Portfolio value: **10.10%** → ✅ 15% 이하

## Top 10 Component VaR

| Rank | Name | Position (KRW) | σ10d | cVaR (KRW) | cVaR/Port | cVaR/Pos | Note |
|---:|---|---:|---:|---:|---:|---:|---|
| 1 | 영원무역홀딩스 | 2,667,200 | 0.0996 | 496,308 | 41.37% | 18.61% |  |
| 2 | 삼성물산 | 1,359,000 | 0.0841 | 156,767 | 13.07% | 11.54% |  |
| 3 | 현대지에프홀딩스 | 720,900 | 0.0911 | 104,847 | 8.74% | 14.54% |  |
| 4 | 세아베스틸지주 | 881,600 | 0.0959 | 86,620 | 7.22% | 9.83% |  |
| 5 | LG디스플레이 | 1,035,720 | 0.0676 | 70,884 | 5.91% | 6.84% |  |
| 6 | 동아쏘시오홀딩스 | 1,149,000 | 0.0525 | 62,451 | 5.21% | 5.44% |  |
| 7 | 오리온홀딩스 | 715,680 | 0.0567 | 56,901 | 4.74% | 7.95% |  |
| 8 | 아모레퍼시픽홀딩스 | 510,300 | 0.0860 | 51,631 | 4.30% | 10.12% |  |
| 9 | LG유플러스 | 944,880 | 0.0596 | 51,358 | 4.28% | 5.44% |  |
| 10 | 강원랜드 | 1,083,600 | 0.0383 | 42,688 | 3.56% | 3.94% |  |

- Σ cVaR (all names) = 1,199,566 KRW
