# 포트폴리오 보고서 (기준일: 2025-11-05)

## 요약
- 포트폴리오 **누적 수익률**: **0.54%**  (V₀=11,045,878, Vₜ=11,106,120)
- 포트폴리오 **일일 수익률**: **-1.12%**  (공통 거래일: 2025-11-04 → 2025-11-05)
- KOSPI **일일 수익률**: **-2.89%**  (비교 기준일: 2025-11-05)
- **초과수익률(일일)**: **1.76%**

## 개별 종목 현황 (오늘 기준)

| name | code | shares | buy_price | last_date | close_last | r_i_cum | r_i_daily |
|---|---:|---:|---:|---|---:|---:|---:|
| KT | 030200 | 16 | 52,901 | 2025-11-05 | 48,450 | -8.79% | 0.10% |
| LG디스플레이 | 034220 | 84 | 11,940 | 2025-11-05 | 14,010 | 15.99% | -3.92% |
| LG유플러스 | 032640 | 62 | 14,955 | 2025-11-05 | 14,970 | 0.10% | 2.85% |
| 강원랜드 | 035250 | 60 | 18,291 | 2025-11-05 | 16,680 | -9.22% | -1.43% |
| 동아쏘시오홀딩스 | 000640 | 10 | 109,982 | 2025-11-05 | 107,600 | -2.19% | -0.83% |
| 삼성물산 | 028260 | 6 | 173,255 | 2025-11-05 | 215,500 | 21.82% | -2.52% |
| 세아베스틸지주 | 001430 | 32 | 27,976 | 2025-11-05 | 27,300 | -2.45% | -1.09% |
| 아모레퍼시픽홀딩스 | 002790 | 18 | 27,825 | 2025-11-05 | 24,850 | -11.31% | -2.97% |
| 영원무역홀딩스 | 009970 | 16 | 133,954 | 2025-11-05 | 136,600 | 1.96% | 0.07% |
| 오리온홀딩스 | 001800 | 36 | 21,026 | 2025-11-05 | 18,690 | -11.78% | -1.38% |
| 현대지에프홀딩스 | 005440 | 90 | 8,180 | 2025-11-05 | 7,520 | -8.41% | -2.62% |

## Beta (1Y, 일간 로그수익률)
- 기준일: **2025-11-05**, 윈도우: **2024-11-05 ~ 2025-11-05**

### 포트폴리오 Beta
- 관측치 수: **242**  (공통 거래일 기준)
- 기간: **2024-11-06 ~ 2025-11-05**
- **Beta (직접법)**: **0.5904**

### 개별 종목 Beta
| name | code | n | period | beta |
|---|---:|---:|---|---:|
| KT | 030200 | 243 | 2024-11-05 ~ 2025-11-05 | 0.2711 |
| LG디스플레이 | 034220 | 243 | 2024-11-05 ~ 2025-11-05 | 1.1815 |
| LG유플러스 | 032640 | 243 | 2024-11-05 ~ 2025-11-05 | 0.1985 |
| 강원랜드 | 035250 | 243 | 2024-11-05 ~ 2025-11-05 | 0.3770 |
| 동아쏘시오홀딩스 | 000640 | 243 | 2024-11-05 ~ 2025-11-05 | 0.2252 |
| 삼성물산 | 028260 | 243 | 2024-11-05 ~ 2025-11-05 | 1.0884 |
| 세아베스틸지주 | 001430 | 243 | 2024-11-05 ~ 2025-11-05 | 0.5591 |
| 아모레퍼시픽홀딩스 | 002790 | 243 | 2024-11-05 ~ 2025-11-05 | 0.7930 |
| 영원무역홀딩스 | 009970 | 243 | 2024-11-05 ~ 2025-11-05 | 0.5832 |
| 오리온홀딩스 | 001800 | 243 | 2024-11-05 ~ 2025-11-05 | 0.6273 |
| 현대지에프홀딩스 | 005440 | 243 | 2024-11-05 ~ 2025-11-05 | 0.7306 |

## EWMA Vol (1Y, λ=0.94, Daily)
- 기준일: **2025-11-05**, 윈도우: **2024-11-05 ~ 2025-11-05**
- 결과는 **일간 표준편차(σ)**이며 **연간화하지 않음**

| name | code | n | period | ewma_sigma_daily |
|---|---:|---:|---|---:|
| KT | 030200 | 243 | 2024-11-05 ~ 2025-11-05 | 0.010769 |
| LG디스플레이 | 034220 | 243 | 2024-11-05 ~ 2025-11-05 | 0.032158 |
| LG유플러스 | 032640 | 243 | 2024-11-05 ~ 2025-11-05 | 0.018935 |
| 강원랜드 | 035250 | 243 | 2024-11-05 ~ 2025-11-05 | 0.009175 |
| 동아쏘시오홀딩스 | 000640 | 243 | 2024-11-05 ~ 2025-11-05 | 0.014851 |
| 삼성물산 | 028260 | 243 | 2024-11-05 ~ 2025-11-05 | 0.033422 |
| 세아베스틸지주 | 001430 | 243 | 2024-11-05 ~ 2025-11-05 | 0.029497 |
| 아모레퍼시픽홀딩스 | 002790 | 243 | 2024-11-05 ~ 2025-11-05 | 0.015212 |
| 영원무역홀딩스 | 009970 | 243 | 2024-11-05 ~ 2025-11-05 | 0.017316 |
| 오리온홀딩스 | 001800 | 243 | 2024-11-05 ~ 2025-11-05 | 0.012546 |
| 현대지에프홀딩스 | 005440 | 243 | 2024-11-05 ~ 2025-11-05 | 0.024342 |
## 종목 간 상관관계 (1년)

- 기준일: 2025-11-05  | 기간: 2024-11-05 ~ 2025-11-05


| name | 동아쏘시오홀딩스 | 세아베스틸지주 | 오리온홀딩스 | 아모레퍼시픽홀딩스 | 현대지에프홀딩스 | 영원무역홀딩스 | 삼성물산 | KT | LG유플러스 | 강원랜드 | LG디스플레이 |
|---|---:|---:|---:|---:|---:|---:|---:|---:|---:|---:|---:|
| 동아쏘시오홀딩스 | 1.0000 | 0.1474 | 0.3048 | 0.2261 | 0.3141 | 0.2259 | 0.1635 | 0.0114 | 0.0826 | 0.1538 | 0.1801 |
| 세아베스틸지주 | 0.1474 | 1.0000 | 0.1805 | 0.2593 | 0.2520 | 0.2334 | 0.0662 | 0.0273 | 0.0715 | 0.2416 | 0.1215 |
| 오리온홀딩스 | 0.3048 | 0.1805 | 1.0000 | 0.3770 | 0.5188 | 0.4046 | 0.3158 | 0.1719 | 0.2227 | 0.2247 | 0.1586 |
| 아모레퍼시픽홀딩스 | 0.2261 | 0.2593 | 0.3770 | 1.0000 | 0.3221 | 0.2819 | 0.3970 | 0.1751 | 0.0628 | 0.2866 | 0.2383 |
| 현대지에프홀딩스 | 0.3141 | 0.2520 | 0.5188 | 0.3221 | 1.0000 | 0.4013 | 0.3709 | 0.1692 | 0.1825 | 0.3072 | 0.1695 |
| 영원무역홀딩스 | 0.2259 | 0.2334 | 0.4046 | 0.2819 | 0.4013 | 1.0000 | 0.3091 | 0.2084 | 0.1611 | 0.1481 | 0.1611 |
| 삼성물산 | 0.1635 | 0.0662 | 0.3158 | 0.3970 | 0.3709 | 0.3091 | 1.0000 | 0.1630 | 0.1442 | 0.1862 | 0.2663 |
| KT | 0.0114 | 0.0273 | 0.1719 | 0.1751 | 0.1692 | 0.2084 | 0.1630 | 1.0000 | 0.3729 | 0.1779 | 0.0394 |
| LG유플러스 | 0.0826 | 0.0715 | 0.2227 | 0.0628 | 0.1825 | 0.1611 | 0.1442 | 0.3729 | 1.0000 | 0.2060 | 0.1465 |
| 강원랜드 | 0.1538 | 0.2416 | 0.2247 | 0.2866 | 0.3072 | 0.1481 | 0.1862 | 0.1779 | 0.2060 | 1.0000 | 0.2950 |
| LG디스플레이 | 0.1801 | 0.1215 | 0.1586 | 0.2383 | 0.1695 | 0.1611 | 0.2663 | 0.0394 | 0.1465 | 0.2950 | 1.0000 |

## 포트폴리오 VaR (10-day, 99%) — 2025-11-05

- Total portfolio value (used): 11,106,120 KRW
- z-score: 2.33
- Portfolio σ (money, 10d): 383,958 KRW
- **Portfolio VaR (10d, 99%)**: **894,622 KRW**
- VaR / Portfolio value: **8.06%** → ✅ 15% 이하

## Top 10 Component VaR

| Rank | Name | Position (KRW) | σ10d | cVaR (KRW) | cVaR/Port | cVaR/Pos | Note |
|---:|---|---:|---:|---:|---:|---:|---|
| 1 | 삼성물산 | 1,293,000 | 0.0988 | 199,708 | 22.32% | 15.45% |  |
| 2 | 영원무역홀딩스 | 2,185,600 | 0.0511 | 174,686 | 19.53% | 7.99% |  |
| 3 | LG디스플레이 | 1,176,840 | 0.0798 | 116,079 | 12.98% | 9.86% |  |
| 4 | 세아베스틸지주 | 873,600 | 0.1050 | 101,280 | 11.32% | 11.59% |  |
| 5 | 현대지에프홀딩스 | 676,800 | 0.0810 | 82,359 | 9.21% | 12.17% |  |
| 6 | LG유플러스 | 928,140 | 0.0630 | 53,977 | 6.03% | 5.82% |  |
| 7 | 동아쏘시오홀딩스 | 1,076,000 | 0.0483 | 53,266 | 5.95% | 4.95% |  |
| 8 | 오리온홀딩스 | 672,840 | 0.0402 | 36,239 | 4.05% | 5.39% |  |
| 9 | 강원랜드 | 1,000,800 | 0.0308 | 32,640 | 3.65% | 3.26% |  |
| 10 | 아모레퍼시픽홀딩스 | 447,300 | 0.0491 | 27,534 | 3.08% | 6.16% |  |

- Σ cVaR (all names) = 894,622 KRW
