# 포트폴리오 보고서 (기준일: 2026-01-22)

## 요약
- 포트폴리오 **누적 수익률**: **25.36%**  (V₀=11,045,878, Vₜ=14,233,900)
- 포트폴리오 **일일 수익률**: **-0.26%**  (공통 거래일: 2026-01-21 → 2026-01-22)
- KOSPI **일일 수익률**: **1.23%**  (비교 기준일: 2025-09-16)
- **초과수익률(일일)**: **-1.50%**

## 개별 종목 현황 (오늘 기준)

| name | code | shares | buy_price | last_date | close_last | r_i_cum | r_i_daily |
|---|---:|---:|---:|---|---:|---:|---:|
| KT | 030200 | 16 | 52,901 | 2026-01-22 | 54,900 | 3.71% | -0.73% |
| LG디스플레이 | 034220 | 84 | 11,940 | 2026-01-22 | 12,660 | 5.86% | 3.78% |
| LG유플러스 | 032640 | 62 | 14,955 | 2026-01-22 | 15,380 | 2.80% | -0.26% |
| 강원랜드 | 035250 | 60 | 18,291 | 2026-01-22 | 17,780 | -2.83% | -1.12% |
| 동아쏘시오홀딩스 | 000640 | 10 | 109,982 | 2026-01-22 | 104,800 | -4.83% | 2.71% |
| 삼성물산 | 028260 | 6 | 173,255 | 2026-01-22 | 297,500 | 54.06% | -0.50% |
| 세아베스틸지주 | 001430 | 32 | 27,976 | 2026-01-22 | 73,300 | 96.32% | -4.27% |
| 아모레퍼시픽홀딩스 | 002790 | 18 | 27,825 | 2026-01-22 | 26,600 | -4.50% | 3.05% |
| 영원무역홀딩스 | 009970 | 16 | 133,954 | 2026-01-22 | 194,400 | 37.24% | 0.21% |
| 오리온홀딩스 | 001800 | 36 | 21,026 | 2026-01-22 | 20,650 | -1.80% | 0.49% |
| 현대지에프홀딩스 | 005440 | 90 | 8,180 | 2026-01-22 | 8,450 | 3.25% | 0.36% |

## Beta (1Y, 일간 로그수익률)
- 기준일: **2026-01-22**, 윈도우: **2025-01-22 ~ 2026-01-22**

### 포트폴리오 Beta
- 관측치 수: **158**  (공통 거래일 기준)
- 기간: **2025-01-23 ~ 2025-09-16**
- **Beta (직접법)**: **0.6640**

### 개별 종목 Beta
| name | code | n | period | beta |
|---|---:|---:|---|---:|
| KT | 030200 | 159 | 2025-01-22 ~ 2025-09-16 | 0.2821 |
| LG디스플레이 | 034220 | 159 | 2025-01-22 ~ 2025-09-16 | 1.2905 |
| LG유플러스 | 032640 | 159 | 2025-01-22 ~ 2025-09-16 | 0.2109 |
| 강원랜드 | 035250 | 159 | 2025-01-22 ~ 2025-09-16 | 0.3884 |
| 동아쏘시오홀딩스 | 000640 | 159 | 2025-01-22 ~ 2025-09-16 | 0.2650 |
| 삼성물산 | 028260 | 159 | 2025-01-22 ~ 2025-09-16 | 1.0051 |
| 세아베스틸지주 | 001430 | 159 | 2025-01-22 ~ 2025-09-16 | 0.6987 |
| 아모레퍼시픽홀딩스 | 002790 | 159 | 2025-01-22 ~ 2025-09-16 | 0.8385 |
| 영원무역홀딩스 | 009970 | 159 | 2025-01-22 ~ 2025-09-16 | 0.8074 |
| 오리온홀딩스 | 001800 | 159 | 2025-01-22 ~ 2025-09-16 | 0.7864 |
| 현대지에프홀딩스 | 005440 | 159 | 2025-01-22 ~ 2025-09-16 | 0.8722 |

## EWMA Vol (1Y, λ=0.94, Daily)
- 기준일: **2026-01-22**, 윈도우: **2025-01-22 ~ 2026-01-22**
- 결과는 **일간 표준편차(σ)**이며 **연간화하지 않음**

| name | code | n | period | ewma_sigma_daily |
|---|---:|---:|---|---:|
| KT | 030200 | 243 | 2025-01-22 ~ 2026-01-22 | 0.014045 |
| LG디스플레이 | 034220 | 243 | 2025-01-22 ~ 2026-01-22 | 0.020819 |
| LG유플러스 | 032640 | 243 | 2025-01-22 ~ 2026-01-22 | 0.015028 |
| 강원랜드 | 035250 | 243 | 2025-01-22 ~ 2026-01-22 | 0.010934 |
| 동아쏘시오홀딩스 | 000640 | 243 | 2025-01-22 ~ 2026-01-22 | 0.014658 |
| 삼성물산 | 028260 | 243 | 2025-01-22 ~ 2026-01-22 | 0.021415 |
| 세아베스틸지주 | 001430 | 243 | 2025-01-22 ~ 2026-01-22 | 0.061585 |
| 아모레퍼시픽홀딩스 | 002790 | 243 | 2025-01-22 ~ 2026-01-22 | 0.023198 |
| 영원무역홀딩스 | 009970 | 243 | 2025-01-22 ~ 2026-01-22 | 0.027029 |
| 오리온홀딩스 | 001800 | 243 | 2025-01-22 ~ 2026-01-22 | 0.016136 |
| 현대지에프홀딩스 | 005440 | 243 | 2025-01-22 ~ 2026-01-22 | 0.023669 |
## 종목 간 상관관계 (1년)

- 기준일: 2026-01-22  | 기간: 2025-01-22 ~ 2026-01-22


| name | 동아쏘시오홀딩스 | 세아베스틸지주 | 오리온홀딩스 | 아모레퍼시픽홀딩스 | 현대지에프홀딩스 | 영원무역홀딩스 | 삼성물산 | KT | LG유플러스 | 강원랜드 | LG디스플레이 |
|---|---:|---:|---:|---:|---:|---:|---:|---:|---:|---:|---:|
| 동아쏘시오홀딩스 | 1.0000 | 0.0687 | 0.3384 | 0.1836 | 0.3577 | 0.2199 | 0.1604 | 0.0855 | 0.1293 | 0.1770 | 0.2126 |
| 세아베스틸지주 | 0.0687 | 1.0000 | 0.1234 | 0.1908 | 0.1236 | 0.0768 | 0.0610 | 0.0143 | 0.0336 | 0.0995 | 0.0265 |
| 오리온홀딩스 | 0.3384 | 0.1234 | 1.0000 | 0.3651 | 0.5788 | 0.3572 | 0.3067 | 0.2166 | 0.2508 | 0.2293 | 0.1432 |
| 아모레퍼시픽홀딩스 | 0.1836 | 0.1908 | 0.3651 | 1.0000 | 0.3122 | 0.1710 | 0.3192 | 0.1746 | 0.1310 | 0.2250 | 0.1639 |
| 현대지에프홀딩스 | 0.3577 | 0.1236 | 0.5788 | 0.3122 | 1.0000 | 0.4280 | 0.3844 | 0.2288 | 0.2105 | 0.3177 | 0.1703 |
| 영원무역홀딩스 | 0.2199 | 0.0768 | 0.3572 | 0.1710 | 0.4280 | 1.0000 | 0.2649 | 0.2372 | 0.1880 | 0.1761 | 0.1272 |
| 삼성물산 | 0.1604 | 0.0610 | 0.3067 | 0.3192 | 0.3844 | 0.2649 | 1.0000 | 0.2114 | 0.1127 | 0.1248 | 0.2522 |
| KT | 0.0855 | 0.0143 | 0.2166 | 0.1746 | 0.2288 | 0.2372 | 0.2114 | 1.0000 | 0.2988 | 0.2002 | 0.0857 |
| LG유플러스 | 0.1293 | 0.0336 | 0.2508 | 0.1310 | 0.2105 | 0.1880 | 0.1127 | 0.2988 | 1.0000 | 0.2199 | 0.1521 |
| 강원랜드 | 0.1770 | 0.0995 | 0.2293 | 0.2250 | 0.3177 | 0.1761 | 0.1248 | 0.2002 | 0.2199 | 1.0000 | 0.2324 |
| LG디스플레이 | 0.2126 | 0.0265 | 0.1432 | 0.1639 | 0.1703 | 0.1272 | 0.2522 | 0.0857 | 0.1521 | 0.2324 | 1.0000 |

## 포트폴리오 VaR (10-day, 99%) — 2026-01-22

- Total portfolio value (used): 14,233,900 KRW
- z-score: 2.33
- Portfolio σ (money, 10d): 715,919 KRW
- **Portfolio VaR (10d, 99%)**: **1,668,091 KRW**
- VaR / Portfolio value: **11.72%** → ✅ 15% 이하

## Top 10 Component VaR

| Rank | Name | Position (KRW) | σ10d | cVaR (KRW) | cVaR/Port | cVaR/Pos | Note |
|---:|---|---:|---:|---:|---:|---:|---|
| 1 | 세아베스틸지주 | 2,345,600 | 0.2252 | 1,000,211 | 59.96% | 42.64% |  |
| 2 | 영원무역홀딩스 | 3,110,400 | 0.0740 | 288,119 | 17.27% | 9.26% |  |
| 3 | 삼성물산 | 1,785,000 | 0.0627 | 105,152 | 6.30% | 5.89% |  |
| 4 | 현대지에프홀딩스 | 760,500 | 0.0764 | 66,761 | 4.00% | 8.78% |  |
| 5 | 오리온홀딩스 | 743,400 | 0.0499 | 38,167 | 2.29% | 5.13% |  |
| 6 | 동아쏘시오홀딩스 | 1,048,000 | 0.0470 | 35,458 | 2.13% | 3.38% |  |
| 7 | LG디스플레이 | 1,063,440 | 0.0541 | 33,403 | 2.00% | 3.14% |  |
| 8 | 아모레퍼시픽홀딩스 | 478,800 | 0.0723 | 31,589 | 1.89% | 6.60% |  |
| 9 | 강원랜드 | 1,066,800 | 0.0382 | 29,123 | 1.75% | 2.73% |  |
| 10 | LG유플러스 | 953,560 | 0.0412 | 22,055 | 1.32% | 2.31% |  |

- Σ cVaR (all names) = 1,668,091 KRW
