# 포트폴리오 보고서 (기준일: 2026-01-19)

## 요약
- 포트폴리오 **누적 수익률**: **22.60%**  (V₀=11,045,878, Vₜ=13,846,260)
- 포트폴리오 **일일 수익률**: **0.32%**  (공통 거래일: 2026-01-16 → 2026-01-19)
- KOSPI **일일 수익률**: **1.23%**  (비교 기준일: 2025-09-16)
- **초과수익률(일일)**: **-0.92%**

## 개별 종목 현황 (오늘 기준)

| name | code | shares | buy_price | last_date | close_last | r_i_cum | r_i_daily |
|---|---:|---:|---:|---|---:|---:|---:|
| KT | 030200 | 16 | 52,901 | 2026-01-19 | 53,600 | 1.31% | -0.56% |
| LG디스플레이 | 034220 | 84 | 11,940 | 2026-01-19 | 12,460 | 4.26% | -0.48% |
| LG유플러스 | 032640 | 62 | 14,955 | 2026-01-19 | 15,060 | 0.70% | 0.87% |
| 강원랜드 | 035250 | 60 | 18,291 | 2026-01-19 | 17,670 | -3.45% | -0.62% |
| 동아쏘시오홀딩스 | 000640 | 10 | 109,982 | 2026-01-19 | 102,200 | -7.34% | -1.26% |
| 삼성물산 | 028260 | 6 | 173,255 | 2026-01-19 | 289,000 | 51.17% | -0.35% |
| 세아베스틸지주 | 001430 | 32 | 27,976 | 2026-01-19 | 71,500 | 93.84% | 5.17% |
| 아모레퍼시픽홀딩스 | 002790 | 18 | 27,825 | 2026-01-19 | 25,400 | -9.12% | -1.76% |
| 영원무역홀딩스 | 009970 | 16 | 133,954 | 2026-01-19 | 185,400 | 32.50% | -0.32% |
| 오리온홀딩스 | 001800 | 36 | 21,026 | 2026-01-19 | 20,400 | -3.02% | 0.49% |
| 현대지에프홀딩스 | 005440 | 90 | 8,180 | 2026-01-19 | 8,290 | 1.34% | -3.90% |

## Beta (1Y, 일간 로그수익률)
- 기준일: **2026-01-19**, 윈도우: **2025-01-19 ~ 2026-01-19**

### 포트폴리오 Beta
- 관측치 수: **160**  (공통 거래일 기준)
- 기간: **2025-01-21 ~ 2025-09-16**
- **Beta (직접법)**: **0.6618**

### 개별 종목 Beta
| name | code | n | period | beta |
|---|---:|---:|---|---:|
| KT | 030200 | 161 | 2025-01-20 ~ 2025-09-16 | 0.2819 |
| LG디스플레이 | 034220 | 161 | 2025-01-20 ~ 2025-09-16 | 1.2904 |
| LG유플러스 | 032640 | 161 | 2025-01-20 ~ 2025-09-16 | 0.2147 |
| 강원랜드 | 035250 | 161 | 2025-01-20 ~ 2025-09-16 | 0.3883 |
| 동아쏘시오홀딩스 | 000640 | 161 | 2025-01-20 ~ 2025-09-16 | 0.2643 |
| 삼성물산 | 028260 | 161 | 2025-01-20 ~ 2025-09-16 | 1.0042 |
| 세아베스틸지주 | 001430 | 161 | 2025-01-20 ~ 2025-09-16 | 0.6942 |
| 아모레퍼시픽홀딩스 | 002790 | 161 | 2025-01-20 ~ 2025-09-16 | 0.8380 |
| 영원무역홀딩스 | 009970 | 161 | 2025-01-20 ~ 2025-09-16 | 0.8052 |
| 오리온홀딩스 | 001800 | 161 | 2025-01-20 ~ 2025-09-16 | 0.7853 |
| 현대지에프홀딩스 | 005440 | 161 | 2025-01-20 ~ 2025-09-16 | 0.8669 |

## EWMA Vol (1Y, λ=0.94, Daily)
- 기준일: **2026-01-19**, 윈도우: **2025-01-19 ~ 2026-01-19**
- 결과는 **일간 표준편차(σ)**이며 **연간화하지 않음**

| name | code | n | period | ewma_sigma_daily |
|---|---:|---:|---|---:|
| KT | 030200 | 242 | 2025-01-20 ~ 2026-01-19 | 0.013351 |
| LG디스플레이 | 034220 | 242 | 2025-01-20 ~ 2026-01-19 | 0.019581 |
| LG유플러스 | 032640 | 242 | 2025-01-20 ~ 2026-01-19 | 0.015290 |
| 강원랜드 | 035250 | 242 | 2025-01-20 ~ 2026-01-19 | 0.010949 |
| 동아쏘시오홀딩스 | 000640 | 242 | 2025-01-20 ~ 2026-01-19 | 0.013176 |
| 삼성물산 | 028260 | 242 | 2025-01-20 ~ 2026-01-19 | 0.022514 |
| 세아베스틸지주 | 001430 | 242 | 2025-01-20 ~ 2026-01-19 | 0.065418 |
| 아모레퍼시픽홀딩스 | 002790 | 242 | 2025-01-20 ~ 2026-01-19 | 0.023275 |
| 영원무역홀딩스 | 009970 | 242 | 2025-01-20 ~ 2026-01-19 | 0.027007 |
| 오리온홀딩스 | 001800 | 242 | 2025-01-20 ~ 2026-01-19 | 0.013847 |
| 현대지에프홀딩스 | 005440 | 242 | 2025-01-20 ~ 2026-01-19 | 0.024428 |
## 종목 간 상관관계 (1년)

- 기준일: 2026-01-19  | 기간: 2025-01-19 ~ 2026-01-19


| name | 동아쏘시오홀딩스 | 세아베스틸지주 | 오리온홀딩스 | 아모레퍼시픽홀딩스 | 현대지에프홀딩스 | 영원무역홀딩스 | 삼성물산 | KT | LG유플러스 | 강원랜드 | LG디스플레이 |
|---|---:|---:|---:|---:|---:|---:|---:|---:|---:|---:|---:|
| 동아쏘시오홀딩스 | 1.0000 | 0.0793 | 0.3318 | 0.1718 | 0.3556 | 0.2324 | 0.1613 | 0.0837 | 0.1215 | 0.1829 | 0.2032 |
| 세아베스틸지주 | 0.0793 | 1.0000 | 0.1275 | 0.1989 | 0.1259 | 0.0716 | 0.0576 | 0.0064 | 0.0286 | 0.0902 | 0.0364 |
| 오리온홀딩스 | 0.3318 | 0.1275 | 1.0000 | 0.3608 | 0.5736 | 0.3719 | 0.3070 | 0.2086 | 0.2428 | 0.2237 | 0.1396 |
| 아모레퍼시픽홀딩스 | 0.1718 | 0.1989 | 0.3608 | 1.0000 | 0.3082 | 0.1769 | 0.3203 | 0.1717 | 0.1260 | 0.2272 | 0.1570 |
| 현대지에프홀딩스 | 0.3556 | 0.1259 | 0.5736 | 0.3082 | 1.0000 | 0.4387 | 0.3808 | 0.2220 | 0.1927 | 0.3153 | 0.1681 |
| 영원무역홀딩스 | 0.2324 | 0.0716 | 0.3719 | 0.1769 | 0.4387 | 1.0000 | 0.2634 | 0.2413 | 0.1832 | 0.1798 | 0.1347 |
| 삼성물산 | 0.1613 | 0.0576 | 0.3070 | 0.3203 | 0.3808 | 0.2634 | 1.0000 | 0.2062 | 0.1126 | 0.1157 | 0.2566 |
| KT | 0.0837 | 0.0064 | 0.2086 | 0.1717 | 0.2220 | 0.2413 | 0.2062 | 1.0000 | 0.2877 | 0.1892 | 0.0904 |
| LG유플러스 | 0.1215 | 0.0286 | 0.2428 | 0.1260 | 0.1927 | 0.1832 | 0.1126 | 0.2877 | 1.0000 | 0.2015 | 0.1538 |
| 강원랜드 | 0.1829 | 0.0902 | 0.2237 | 0.2272 | 0.3153 | 0.1798 | 0.1157 | 0.1892 | 0.2015 | 1.0000 | 0.2396 |
| LG디스플레이 | 0.2032 | 0.0364 | 0.1396 | 0.1570 | 0.1681 | 0.1347 | 0.2566 | 0.0904 | 0.1538 | 0.2396 | 1.0000 |

## 포트폴리오 VaR (10-day, 99%) — 2026-01-19

- Total portfolio value (used): 13,846,260 KRW
- z-score: 2.33
- Portfolio σ (money, 10d): 720,978 KRW
- **Portfolio VaR (10d, 99%)**: **1,679,878 KRW**
- VaR / Portfolio value: **12.13%** → ✅ 15% 이하

## Top 10 Component VaR

| Rank | Name | Position (KRW) | σ10d | cVaR (KRW) | cVaR/Port | cVaR/Pos | Note |
|---:|---|---:|---:|---:|---:|---:|---|
| 1 | 세아베스틸지주 | 2,288,000 | 0.2391 | 1,057,239 | 62.94% | 46.21% |  |
| 2 | 영원무역홀딩스 | 2,966,400 | 0.0744 | 265,416 | 15.80% | 8.95% |  |
| 3 | 삼성물산 | 1,734,000 | 0.0656 | 103,664 | 6.17% | 5.98% |  |
| 4 | 현대지에프홀딩스 | 746,100 | 0.0788 | 66,056 | 3.93% | 8.85% |  |
| 5 | 오리온홀딩스 | 734,400 | 0.0430 | 31,739 | 1.89% | 4.32% |  |
| 6 | 동아쏘시오홀딩스 | 1,022,000 | 0.0429 | 31,080 | 1.85% | 3.04% |  |
| 7 | LG디스플레이 | 1,046,640 | 0.0510 | 30,869 | 1.84% | 2.95% |  |
| 8 | 아모레퍼시픽홀딩스 | 457,200 | 0.0730 | 30,455 | 1.81% | 6.66% |  |
| 9 | 강원랜드 | 1,060,200 | 0.0384 | 27,644 | 1.65% | 2.61% |  |
| 10 | LG유플러스 | 933,720 | 0.0418 | 20,347 | 1.21% | 2.18% |  |

- Σ cVaR (all names) = 1,679,878 KRW
