# 포트폴리오 보고서 (기준일: 2025-09-16)

## 요약
- 포트폴리오 **누적 수익률**: **4.06%**  (V₀=11,045,878, Vₜ=11,503,420)
- 포트폴리오 **일일 수익률**: **0.53%**  (공통 거래일: 2025-09-15 → 2025-09-16)
- KOSPI **일일 수익률**: **1.23%**  (비교 기준일: 2025-09-16)
- **초과수익률(일일)**: **-0.71%**

## 개별 종목 현황 (오늘 기준)

| name | code | shares | buy_price | last_date | close_last | r_i_cum | r_i_daily |
|---|---:|---:|---:|---|---:|---:|---:|
| KT | 030200 | 16 | 52,901 | 2025-09-16 | 51,300 | -3.07% | -0.78% |
| LG디스플레이 | 034220 | 84 | 11,940 | 2025-09-16 | 13,310 | 10.86% | 9.95% |
| LG유플러스 | 032640 | 62 | 14,955 | 2025-09-16 | 14,790 | -1.11% | -0.81% |
| 강원랜드 | 035250 | 60 | 18,291 | 2025-09-16 | 17,900 | -2.16% | -0.56% |
| 동아쏘시오홀딩스 | 000640 | 10 | 109,982 | 2025-09-16 | 111,300 | 1.19% | -2.05% |
| 삼성물산 | 028260 | 6 | 173,255 | 2025-09-16 | 195,900 | 12.28% | 0.00% |
| 세아베스틸지주 | 001430 | 32 | 27,976 | 2025-09-16 | 26,400 | -5.80% | -2.06% |
| 아모레퍼시픽홀딩스 | 002790 | 18 | 27,825 | 2025-09-16 | 27,100 | -2.64% | -2.55% |
| 영원무역홀딩스 | 009970 | 16 | 133,954 | 2025-09-16 | 147,700 | 9.77% | 3.23% |
| 오리온홀딩스 | 001800 | 36 | 21,026 | 2025-09-16 | 21,750 | 3.39% | -2.27% |
| 현대지에프홀딩스 | 005440 | 90 | 8,180 | 2025-09-16 | 8,960 | 9.11% | -3.62% |

## Beta (1Y, 일간 로그수익률)
- 기준일: **2025-09-16**, 윈도우: **2024-09-16 ~ 2025-09-16**

### 포트폴리오 Beta
- 관측치 수: **241**  (공통 거래일 기준)
- 기간: **2024-09-20 ~ 2025-09-16**
- **Beta (직접법)**: **0.6422**

### 개별 종목 Beta
| name | code | n | period | beta |
|---|---:|---:|---|---:|
| KT | 030200 | 242 | 2024-09-19 ~ 2025-09-16 | 0.2724 |
| LG디스플레이 | 034220 | 242 | 2024-09-19 ~ 2025-09-16 | 1.3074 |
| LG유플러스 | 032640 | 242 | 2024-09-19 ~ 2025-09-16 | 0.2493 |
| 강원랜드 | 035250 | 242 | 2024-09-19 ~ 2025-09-16 | 0.4175 |
| 동아쏘시오홀딩스 | 000640 | 242 | 2024-09-19 ~ 2025-09-16 | 0.2898 |
| 삼성물산 | 028260 | 242 | 2024-09-19 ~ 2025-09-16 | 1.0629 |
| 세아베스틸지주 | 001430 | 242 | 2024-09-19 ~ 2025-09-16 | 0.7154 |
| 아모레퍼시픽홀딩스 | 002790 | 242 | 2024-09-19 ~ 2025-09-16 | 0.8953 |
| 영원무역홀딩스 | 009970 | 242 | 2024-09-19 ~ 2025-09-16 | 0.6271 |
| 오리온홀딩스 | 001800 | 242 | 2024-09-19 ~ 2025-09-16 | 0.6658 |
| 현대지에프홀딩스 | 005440 | 242 | 2024-09-19 ~ 2025-09-16 | 0.8423 |

## EWMA Vol (1Y, λ=0.94, Daily)
- 기준일: **2025-09-16**, 윈도우: **2024-09-16 ~ 2025-09-16**
- 결과는 **일간 표준편차(σ)**이며 **연간화하지 않음**

| name | code | n | period | ewma_sigma_daily |
|---|---:|---:|---|---:|
| KT | 030200 | 242 | 2024-09-19 ~ 2025-09-16 | 0.013498 |
| LG디스플레이 | 034220 | 242 | 2024-09-19 ~ 2025-09-16 | 0.040620 |
| LG유플러스 | 032640 | 242 | 2024-09-19 ~ 2025-09-16 | 0.018946 |
| 강원랜드 | 035250 | 242 | 2024-09-19 ~ 2025-09-16 | 0.009424 |
| 동아쏘시오홀딩스 | 000640 | 242 | 2024-09-19 ~ 2025-09-16 | 0.019903 |
| 삼성물산 | 028260 | 242 | 2024-09-19 ~ 2025-09-16 | 0.024007 |
| 세아베스틸지주 | 001430 | 242 | 2024-09-19 ~ 2025-09-16 | 0.020124 |
| 아모레퍼시픽홀딩스 | 002790 | 242 | 2024-09-19 ~ 2025-09-16 | 0.015872 |
| 영원무역홀딩스 | 009970 | 242 | 2024-09-19 ~ 2025-09-16 | 0.023234 |
| 오리온홀딩스 | 001800 | 242 | 2024-09-19 ~ 2025-09-16 | 0.017961 |
| 현대지에프홀딩스 | 005440 | 242 | 2024-09-19 ~ 2025-09-16 | 0.035808 |
## 종목 간 상관관계 (1년)

- 기준일: 2025-09-16  | 기간: 2024-09-16 ~ 2025-09-16


| name | 동아쏘시오홀딩스 | 세아베스틸지주 | 오리온홀딩스 | 아모레퍼시픽홀딩스 | 현대지에프홀딩스 | 영원무역홀딩스 | 삼성물산 | KT | LG유플러스 | 강원랜드 | LG디스플레이 |
|---|---:|---:|---:|---:|---:|---:|---:|---:|---:|---:|---:|
| 동아쏘시오홀딩스 | 1.0000 | 0.1105 | 0.2781 | 0.2176 | 0.3261 | 0.1996 | 0.1459 | 0.0067 | 0.0408 | 0.1689 | 0.2121 |
| 세아베스틸지주 | 0.1105 | 1.0000 | 0.1739 | 0.2210 | 0.2462 | 0.2189 | 0.1080 | 0.0262 | 0.0712 | 0.2378 | 0.1887 |
| 오리온홀딩스 | 0.2781 | 0.1739 | 1.0000 | 0.3491 | 0.4726 | 0.3668 | 0.3068 | 0.1642 | 0.2365 | 0.1991 | 0.1589 |
| 아모레퍼시픽홀딩스 | 0.2176 | 0.2210 | 0.3491 | 1.0000 | 0.2777 | 0.2515 | 0.4185 | 0.1094 | 0.0740 | 0.2529 | 0.2734 |
| 현대지에프홀딩스 | 0.3261 | 0.2462 | 0.4726 | 0.2777 | 1.0000 | 0.3867 | 0.4139 | 0.1672 | 0.1603 | 0.3057 | 0.1722 |
| 영원무역홀딩스 | 0.1996 | 0.2189 | 0.3668 | 0.2515 | 0.3867 | 1.0000 | 0.3051 | 0.1957 | 0.1423 | 0.1361 | 0.1659 |
| 삼성물산 | 0.1459 | 0.1080 | 0.3068 | 0.4185 | 0.4139 | 0.3051 | 1.0000 | 0.1585 | 0.1375 | 0.2035 | 0.2558 |
| KT | 0.0067 | 0.0262 | 0.1642 | 0.1094 | 0.1672 | 0.1957 | 0.1585 | 1.0000 | 0.4035 | 0.1623 | 0.0330 |
| LG유플러스 | 0.0408 | 0.0712 | 0.2365 | 0.0740 | 0.1603 | 0.1423 | 0.1375 | 0.4035 | 1.0000 | 0.1959 | 0.0996 |
| 강원랜드 | 0.1689 | 0.2378 | 0.1991 | 0.2529 | 0.3057 | 0.1361 | 0.2035 | 0.1623 | 0.1959 | 1.0000 | 0.3092 |
| LG디스플레이 | 0.2121 | 0.1887 | 0.1589 | 0.2734 | 0.1722 | 0.1659 | 0.2558 | 0.0330 | 0.0996 | 0.3092 | 1.0000 |

## 포트폴리오 VaR (10-day, 99%) — 2025-09-16

- Total portfolio value (used): 11,503,420 KRW
- z-score: 2.33
- Portfolio σ (money, 10d): 445,041 KRW
- **Portfolio VaR (10d, 99%)**: **1,036,947 KRW**
- VaR / Portfolio value: **9.01%** → ✅ 15% 이하

## Top 10 Component VaR

| Rank | Name | Position (KRW) | σ10d | cVaR (KRW) | cVaR/Port | cVaR/Pos | Note |
|---:|---|---:|---:|---:|---:|---:|---|
| 1 | 영원무역홀딩스 | 2,363,200 | 0.0696 | 274,080 | 26.43% | 11.60% |  |
| 2 | 현대지에프홀딩스 | 806,400 | 0.1230 | 161,335 | 15.56% | 20.01% |  |
| 3 | LG디스플레이 | 1,118,040 | 0.0989 | 136,670 | 13.18% | 12.22% |  |
| 4 | 삼성물산 | 1,175,400 | 0.0790 | 132,820 | 12.81% | 11.30% |  |
| 5 | 동아쏘시오홀딩스 | 1,113,000 | 0.0612 | 72,506 | 6.99% | 6.51% |  |
| 6 | 오리온홀딩스 | 783,000 | 0.0562 | 60,332 | 5.82% | 7.71% |  |
| 7 | 세아베스틸지주 | 844,800 | 0.0713 | 58,542 | 5.65% | 6.93% |  |
| 8 | LG유플러스 | 916,980 | 0.0671 | 52,628 | 5.08% | 5.74% |  |
| 9 | 강원랜드 | 1,074,000 | 0.0317 | 35,333 | 3.41% | 3.29% |  |
| 10 | 아모레퍼시픽홀딩스 | 487,800 | 0.0521 | 29,712 | 2.87% | 6.09% |  |

- Σ cVaR (all names) = 1,036,947 KRW
