# 포트폴리오 보고서 (기준일: 2025-09-30)

## 요약
- 포트폴리오 **누적 수익률**: **2.24%**  (V₀=11,045,878, Vₜ=11,296,140)
- 포트폴리오 **일일 수익률**: **0.01%**  (공통 거래일: 2025-09-29 → 2025-09-30)
- KOSPI **일일 수익률**: **-0.19%**  (비교 기준일: 2025-09-30)
- **초과수익률(일일)**: **0.20%**

## 개별 종목 현황 (오늘 기준)

| name | code | shares | buy_price | last_date | close_last | r_i_cum | r_i_daily |
|---|---:|---:|---:|---|---:|---:|---:|
| KT | 030200 | 16 | 52,901 | 2025-09-30 | 50,500 | -4.64% | 0.00% |
| LG디스플레이 | 034220 | 84 | 11,940 | 2025-09-30 | 14,410 | 18.80% | -1.52% |
| LG유플러스 | 032640 | 62 | 14,955 | 2025-09-30 | 15,350 | 2.61% | -0.20% |
| 강원랜드 | 035250 | 60 | 18,291 | 2025-09-30 | 18,360 | 0.38% | 1.54% |
| 동아쏘시오홀딩스 | 000640 | 10 | 109,982 | 2025-09-30 | 115,800 | 5.15% | 0.26% |
| 삼성물산 | 028260 | 6 | 173,255 | 2025-09-30 | 184,600 | 6.34% | -1.83% |
| 세아베스틸지주 | 001430 | 32 | 27,976 | 2025-09-30 | 25,200 | -10.45% | 1.40% |
| 아모레퍼시픽홀딩스 | 002790 | 18 | 27,825 | 2025-09-30 | 26,650 | -4.31% | 0.19% |
| 영원무역홀딩스 | 009970 | 16 | 133,954 | 2025-09-30 | 138,700 | 3.48% | 0.14% |
| 오리온홀딩스 | 001800 | 36 | 21,026 | 2025-09-30 | 20,300 | -3.51% | 0.00% |
| 현대지에프홀딩스 | 005440 | 90 | 8,180 | 2025-09-30 | 8,030 | -1.85% | 0.88% |

## Beta (1Y, 일간 로그수익률)
- 기준일: **2025-09-30**, 윈도우: **2024-09-30 ~ 2025-09-30**

### 포트폴리오 Beta
- 관측치 수: **244**  (공통 거래일 기준)
- 기간: **2024-10-02 ~ 2025-09-30**
- **Beta (직접법)**: **0.6273**

### 개별 종목 Beta
| name | code | n | period | beta |
|---|---:|---:|---|---:|
| KT | 030200 | 245 | 2024-09-30 ~ 2025-09-30 | 0.2360 |
| LG디스플레이 | 034220 | 245 | 2024-09-30 ~ 2025-09-30 | 1.2933 |
| LG유플러스 | 032640 | 245 | 2024-09-30 ~ 2025-09-30 | 0.2430 |
| 강원랜드 | 035250 | 245 | 2024-09-30 ~ 2025-09-30 | 0.4255 |
| 동아쏘시오홀딩스 | 000640 | 245 | 2024-09-30 ~ 2025-09-30 | 0.2713 |
| 삼성물산 | 028260 | 245 | 2024-09-30 ~ 2025-09-30 | 1.0418 |
| 세아베스틸지주 | 001430 | 245 | 2024-09-30 ~ 2025-09-30 | 0.6782 |
| 아모레퍼시픽홀딩스 | 002790 | 245 | 2024-09-30 ~ 2025-09-30 | 0.9332 |
| 영원무역홀딩스 | 009970 | 245 | 2024-09-30 ~ 2025-09-30 | 0.5752 |
| 오리온홀딩스 | 001800 | 245 | 2024-09-30 ~ 2025-09-30 | 0.6709 |
| 현대지에프홀딩스 | 005440 | 245 | 2024-09-30 ~ 2025-09-30 | 0.8234 |

## EWMA Vol (1Y, λ=0.94, Daily)
- 기준일: **2025-09-30**, 윈도우: **2024-09-30 ~ 2025-09-30**
- 결과는 **일간 표준편차(σ)**이며 **연간화하지 않음**

| name | code | n | period | ewma_sigma_daily |
|---|---:|---:|---|---:|
| KT | 030200 | 245 | 2024-09-30 ~ 2025-09-30 | 0.012449 |
| LG디스플레이 | 034220 | 245 | 2024-09-30 ~ 2025-09-30 | 0.035004 |
| LG유플러스 | 032640 | 245 | 2024-09-30 ~ 2025-09-30 | 0.017093 |
| 강원랜드 | 035250 | 245 | 2024-09-30 ~ 2025-09-30 | 0.009882 |
| 동아쏘시오홀딩스 | 000640 | 245 | 2024-09-30 ~ 2025-09-30 | 0.018799 |
| 삼성물산 | 028260 | 245 | 2024-09-30 ~ 2025-09-30 | 0.019922 |
| 세아베스틸지주 | 001430 | 245 | 2024-09-30 ~ 2025-09-30 | 0.016404 |
| 아모레퍼시픽홀딩스 | 002790 | 245 | 2024-09-30 ~ 2025-09-30 | 0.015873 |
| 영원무역홀딩스 | 009970 | 245 | 2024-09-30 ~ 2025-09-30 | 0.022138 |
| 오리온홀딩스 | 001800 | 245 | 2024-09-30 ~ 2025-09-30 | 0.014606 |
| 현대지에프홀딩스 | 005440 | 245 | 2024-09-30 ~ 2025-09-30 | 0.028474 |
## 종목 간 상관관계 (1년)

- 기준일: 2025-09-30  | 기간: 2024-09-30 ~ 2025-09-30


| name | 동아쏘시오홀딩스 | 세아베스틸지주 | 오리온홀딩스 | 아모레퍼시픽홀딩스 | 현대지에프홀딩스 | 영원무역홀딩스 | 삼성물산 | KT | LG유플러스 | 강원랜드 | LG디스플레이 |
|---|---:|---:|---:|---:|---:|---:|---:|---:|---:|---:|---:|
| 동아쏘시오홀딩스 | 1.0000 | 0.1062 | 0.2744 | 0.2007 | 0.3204 | 0.1990 | 0.1339 | -0.0138 | 0.0483 | 0.1652 | 0.1848 |
| 세아베스틸지주 | 0.1062 | 1.0000 | 0.1754 | 0.2349 | 0.2431 | 0.2147 | 0.0951 | 0.0196 | 0.0702 | 0.2363 | 0.1732 |
| 오리온홀딩스 | 0.2744 | 0.1754 | 1.0000 | 0.3509 | 0.4896 | 0.3715 | 0.3177 | 0.1693 | 0.2320 | 0.2076 | 0.1613 |
| 아모레퍼시픽홀딩스 | 0.2007 | 0.2349 | 0.3509 | 1.0000 | 0.3268 | 0.2591 | 0.4540 | 0.1318 | 0.0892 | 0.2677 | 0.2736 |
| 현대지에프홀딩스 | 0.3204 | 0.2431 | 0.4896 | 0.3268 | 1.0000 | 0.3789 | 0.4004 | 0.1467 | 0.1528 | 0.2957 | 0.1771 |
| 영원무역홀딩스 | 0.1990 | 0.2147 | 0.3715 | 0.2591 | 0.3789 | 1.0000 | 0.2833 | 0.1748 | 0.1511 | 0.1366 | 0.1407 |
| 삼성물산 | 0.1339 | 0.0951 | 0.3177 | 0.4540 | 0.4004 | 0.2833 | 1.0000 | 0.1282 | 0.1273 | 0.1828 | 0.2408 |
| KT | -0.0138 | 0.0196 | 0.1693 | 0.1318 | 0.1467 | 0.1748 | 0.1282 | 1.0000 | 0.3934 | 0.1554 | 0.0131 |
| LG유플러스 | 0.0483 | 0.0702 | 0.2320 | 0.0892 | 0.1528 | 0.1511 | 0.1273 | 0.3934 | 1.0000 | 0.1943 | 0.1091 |
| 강원랜드 | 0.1652 | 0.2363 | 0.2076 | 0.2677 | 0.2957 | 0.1366 | 0.1828 | 0.1554 | 0.1943 | 1.0000 | 0.3079 |
| LG디스플레이 | 0.1848 | 0.1732 | 0.1613 | 0.2736 | 0.1771 | 0.1407 | 0.2408 | 0.0131 | 0.1091 | 0.3079 | 1.0000 |

## 포트폴리오 VaR (10-day, 99%) — 2025-09-30

- Total portfolio value (used): 11,296,140 KRW
- z-score: 2.33
- Portfolio σ (money, 10d): 379,120 KRW
- **Portfolio VaR (10d, 99%)**: **883,349 KRW**
- VaR / Portfolio value: **7.82%** → ✅ 15% 이하

## Top 10 Component VaR

| Rank | Name | Position (KRW) | σ10d | cVaR (KRW) | cVaR/Port | cVaR/Pos | Note |
|---:|---|---:|---:|---:|---:|---:|---|
| 1 | 영원무역홀딩스 | 2,219,200 | 0.0643 | 233,322 | 26.41% | 10.51% |  |
| 2 | LG디스플레이 | 1,210,440 | 0.0912 | 142,968 | 16.18% | 11.81% |  |
| 3 | 현대지에프홀딩스 | 722,700 | 0.0952 | 106,853 | 12.10% | 14.79% |  |
| 4 | 삼성물산 | 1,107,600 | 0.0649 | 97,141 | 11.00% | 8.77% |  |
| 5 | 동아쏘시오홀딩스 | 1,158,000 | 0.0576 | 71,754 | 8.12% | 6.20% |  |
| 6 | LG유플러스 | 951,700 | 0.0593 | 50,136 | 5.68% | 5.27% |  |
| 7 | 오리온홀딩스 | 730,800 | 0.0465 | 46,429 | 5.26% | 6.35% |  |
| 8 | 세아베스틸지주 | 806,400 | 0.0588 | 44,541 | 5.04% | 5.52% |  |
| 9 | 강원랜드 | 1,101,600 | 0.0327 | 38,612 | 4.37% | 3.51% |  |
| 10 | 아모레퍼시픽홀딩스 | 479,700 | 0.0539 | 32,254 | 3.65% | 6.72% |  |

- Σ cVaR (all names) = 883,349 KRW
