# 포트폴리오 보고서 (기준일: 2025-09-26)

## 요약
- 포트폴리오 **누적 수익률**: **1.56%**  (V₀=11,045,878, Vₜ=11,219,180)
- 포트폴리오 **일일 수익률**: **-0.77%**  (공통 거래일: 2025-09-25 → 2025-09-26)
- KOSPI **일일 수익률**: **-2.48%**  (비교 기준일: 2025-09-26)
- **초과수익률(일일)**: **1.71%**

## 개별 종목 현황 (오늘 기준)

| name | code | shares | buy_price | last_date | close_last | r_i_cum | r_i_daily |
|---|---:|---:|---:|---|---:|---:|---:|
| KT | 030200 | 16 | 52,901 | 2025-09-26 | 51,100 | -3.46% | -0.20% |
| LG디스플레이 | 034220 | 84 | 11,940 | 2025-09-26 | 14,030 | 16.13% | -1.91% |
| LG유플러스 | 032640 | 62 | 14,955 | 2025-09-26 | 14,980 | 0.17% | 0.27% |
| 강원랜드 | 035250 | 60 | 18,291 | 2025-09-26 | 17,920 | -2.05% | -1.11% |
| 동아쏘시오홀딩스 | 000640 | 10 | 109,982 | 2025-09-26 | 115,900 | 5.24% | 0.00% |
| 삼성물산 | 028260 | 6 | 173,255 | 2025-09-26 | 187,900 | 8.11% | -1.27% |
| 세아베스틸지주 | 001430 | 32 | 27,976 | 2025-09-26 | 24,950 | -11.45% | -1.39% |
| 아모레퍼시픽홀딩스 | 002790 | 18 | 27,825 | 2025-09-26 | 25,900 | -7.17% | -1.15% |
| 영원무역홀딩스 | 009970 | 16 | 133,954 | 2025-09-26 | 139,200 | 3.84% | -0.22% |
| 오리온홀딩스 | 001800 | 36 | 21,026 | 2025-09-26 | 20,250 | -3.76% | -1.96% |
| 현대지에프홀딩스 | 005440 | 90 | 8,180 | 2025-09-26 | 7,910 | -3.36% | -0.38% |

## Beta (1Y, 일간 로그수익률)
- 기준일: **2025-09-26**, 윈도우: **2024-09-26 ~ 2025-09-26**

### 포트폴리오 Beta
- 관측치 수: **244**  (공통 거래일 기준)
- 기간: **2024-09-27 ~ 2025-09-26**
- **Beta (직접법)**: **0.6267**

### 개별 종목 Beta
| name | code | n | period | beta |
|---|---:|---:|---|---:|
| KT | 030200 | 245 | 2024-09-26 ~ 2025-09-26 | 0.2609 |
| LG디스플레이 | 034220 | 245 | 2024-09-26 ~ 2025-09-26 | 1.3156 |
| LG유플러스 | 032640 | 245 | 2024-09-26 ~ 2025-09-26 | 0.2387 |
| 강원랜드 | 035250 | 245 | 2024-09-26 ~ 2025-09-26 | 0.4100 |
| 동아쏘시오홀딩스 | 000640 | 245 | 2024-09-26 ~ 2025-09-26 | 0.2773 |
| 삼성물산 | 028260 | 245 | 2024-09-26 ~ 2025-09-26 | 1.0444 |
| 세아베스틸지주 | 001430 | 245 | 2024-09-26 ~ 2025-09-26 | 0.6863 |
| 아모레퍼시픽홀딩스 | 002790 | 245 | 2024-09-26 ~ 2025-09-26 | 0.9068 |
| 영원무역홀딩스 | 009970 | 245 | 2024-09-26 ~ 2025-09-26 | 0.5982 |
| 오리온홀딩스 | 001800 | 245 | 2024-09-26 ~ 2025-09-26 | 0.6662 |
| 현대지에프홀딩스 | 005440 | 245 | 2024-09-26 ~ 2025-09-26 | 0.8019 |

## EWMA Vol (1Y, λ=0.94, Daily)
- 기준일: **2025-09-26**, 윈도우: **2024-09-26 ~ 2025-09-26**
- 결과는 **일간 표준편차(σ)**이며 **연간화하지 않음**

| name | code | n | period | ewma_sigma_daily |
|---|---:|---:|---|---:|
| KT | 030200 | 245 | 2024-09-26 ~ 2025-09-26 | 0.012903 |
| LG디스플레이 | 034220 | 245 | 2024-09-26 ~ 2025-09-26 | 0.035484 |
| LG유플러스 | 032640 | 245 | 2024-09-26 ~ 2025-09-26 | 0.016914 |
| 강원랜드 | 035250 | 245 | 2024-09-26 ~ 2025-09-26 | 0.009457 |
| 동아쏘시오홀딩스 | 000640 | 245 | 2024-09-26 ~ 2025-09-26 | 0.019969 |
| 삼성물산 | 028260 | 245 | 2024-09-26 ~ 2025-09-26 | 0.020653 |
| 세아베스틸지주 | 001430 | 245 | 2024-09-26 ~ 2025-09-26 | 0.017036 |
| 아모레퍼시픽홀딩스 | 002790 | 245 | 2024-09-26 ~ 2025-09-26 | 0.015476 |
| 영원무역홀딩스 | 009970 | 245 | 2024-09-26 ~ 2025-09-26 | 0.023513 |
| 오리온홀딩스 | 001800 | 245 | 2024-09-26 ~ 2025-09-26 | 0.015526 |
| 현대지에프홀딩스 | 005440 | 245 | 2024-09-26 ~ 2025-09-26 | 0.030163 |
## 종목 간 상관관계 (1년)

- 기준일: 2025-09-26  | 기간: 2024-09-26 ~ 2025-09-26


| name | 동아쏘시오홀딩스 | 세아베스틸지주 | 오리온홀딩스 | 아모레퍼시픽홀딩스 | 현대지에프홀딩스 | 영원무역홀딩스 | 삼성물산 | KT | LG유플러스 | 강원랜드 | LG디스플레이 |
|---|---:|---:|---:|---:|---:|---:|---:|---:|---:|---:|---:|
| 동아쏘시오홀딩스 | 1.0000 | 0.1058 | 0.2728 | 0.1996 | 0.3203 | 0.2040 | 0.1380 | -0.0063 | 0.0524 | 0.1632 | 0.1913 |
| 세아베스틸지주 | 0.1058 | 1.0000 | 0.1793 | 0.2383 | 0.2396 | 0.2148 | 0.0995 | 0.0212 | 0.0738 | 0.2339 | 0.1823 |
| 오리온홀딩스 | 0.2728 | 0.1793 | 1.0000 | 0.3537 | 0.4855 | 0.3671 | 0.3177 | 0.1667 | 0.2328 | 0.2075 | 0.1645 |
| 아모레퍼시픽홀딩스 | 0.1996 | 0.2383 | 0.3537 | 1.0000 | 0.3242 | 0.2546 | 0.4531 | 0.1299 | 0.0797 | 0.2660 | 0.2628 |
| 현대지에프홀딩스 | 0.3203 | 0.2396 | 0.4855 | 0.3242 | 1.0000 | 0.3756 | 0.3995 | 0.1465 | 0.1522 | 0.2947 | 0.1714 |
| 영원무역홀딩스 | 0.2040 | 0.2148 | 0.3671 | 0.2546 | 0.3756 | 1.0000 | 0.2915 | 0.1910 | 0.1600 | 0.1311 | 0.1624 |
| 삼성물산 | 0.1380 | 0.0995 | 0.3177 | 0.4531 | 0.3995 | 0.2915 | 1.0000 | 0.1383 | 0.1315 | 0.1835 | 0.2511 |
| KT | -0.0063 | 0.0212 | 0.1667 | 0.1299 | 0.1465 | 0.1910 | 0.1383 | 1.0000 | 0.4043 | 0.1509 | 0.0402 |
| LG유플러스 | 0.0524 | 0.0738 | 0.2328 | 0.0797 | 0.1522 | 0.1600 | 0.1315 | 0.4043 | 1.0000 | 0.1904 | 0.1062 |
| 강원랜드 | 0.1632 | 0.2339 | 0.2075 | 0.2660 | 0.2947 | 0.1311 | 0.1835 | 0.1509 | 0.1904 | 1.0000 | 0.2973 |
| LG디스플레이 | 0.1913 | 0.1823 | 0.1645 | 0.2628 | 0.1714 | 0.1624 | 0.2511 | 0.0402 | 0.1062 | 0.2973 | 1.0000 |

## 포트폴리오 VaR (10-day, 99%) — 2025-09-26

- Total portfolio value (used): 11,219,180 KRW
- z-score: 2.33
- Portfolio σ (money, 10d): 388,716 KRW
- **Portfolio VaR (10d, 99%)**: **905,709 KRW**
- VaR / Portfolio value: **8.07%** → ✅ 15% 이하

## Top 10 Component VaR

| Rank | Name | Position (KRW) | σ10d | cVaR (KRW) | cVaR/Port | cVaR/Pos | Note |
|---:|---|---:|---:|---:|---:|---:|---|
| 1 | 영원무역홀딩스 | 2,227,200 | 0.0677 | 252,600 | 27.89% | 11.34% |  |
| 2 | LG디스플레이 | 1,178,520 | 0.0882 | 131,764 | 14.55% | 11.18% |  |
| 3 | 현대지에프홀딩스 | 711,900 | 0.1018 | 112,579 | 12.43% | 15.81% |  |
| 4 | 삼성물산 | 1,127,400 | 0.0666 | 102,811 | 11.35% | 9.12% |  |
| 5 | 동아쏘시오홀딩스 | 1,159,000 | 0.0613 | 77,961 | 8.61% | 6.73% |  |
| 6 | 오리온홀딩스 | 729,000 | 0.0491 | 48,994 | 5.41% | 6.72% |  |
| 7 | LG유플러스 | 928,760 | 0.0587 | 47,911 | 5.29% | 5.16% |  |
| 8 | 세아베스틸지주 | 798,400 | 0.0609 | 45,789 | 5.06% | 5.74% |  |
| 9 | 강원랜드 | 1,075,200 | 0.0313 | 34,553 | 3.82% | 3.21% |  |
| 10 | 아모레퍼시픽홀딩스 | 466,200 | 0.0521 | 29,564 | 3.26% | 6.34% |  |

- Σ cVaR (all names) = 905,709 KRW
