# 포트폴리오 보고서 (기준일: 2025-10-01)

## 요약
- 포트폴리오 **누적 수익률**: **1.46%**  (V₀=11,045,878, Vₜ=11,208,380)
- 포트폴리오 **일일 수익률**: **-0.78%**  (공통 거래일: 2025-09-30 → 2025-10-01)
- KOSPI **일일 수익률**: **0.91%**  (비교 기준일: 2025-10-01)
- **초과수익률(일일)**: **-1.69%**

## 개별 종목 현황 (오늘 기준)

| name | code | shares | buy_price | last_date | close_last | r_i_cum | r_i_daily |
|---|---:|---:|---:|---|---:|---:|---:|
| KT | 030200 | 16 | 52,901 | 2025-10-01 | 50,500 | -4.64% | 0.00% |
| LG디스플레이 | 034220 | 84 | 11,940 | 2025-10-01 | 14,430 | 18.94% | 0.14% |
| LG유플러스 | 032640 | 62 | 14,955 | 2025-10-01 | 15,330 | 2.48% | -0.13% |
| 강원랜드 | 035250 | 60 | 18,291 | 2025-10-01 | 17,990 | -1.66% | -2.04% |
| 동아쏘시오홀딩스 | 000640 | 10 | 109,982 | 2025-10-01 | 114,700 | 4.20% | -0.95% |
| 삼성물산 | 028260 | 6 | 173,255 | 2025-10-01 | 188,500 | 8.43% | 2.09% |
| 세아베스틸지주 | 001430 | 32 | 27,976 | 2025-10-01 | 25,100 | -10.85% | -0.40% |
| 아모레퍼시픽홀딩스 | 002790 | 18 | 27,825 | 2025-10-01 | 26,600 | -4.50% | -0.19% |
| 영원무역홀딩스 | 009970 | 16 | 133,954 | 2025-10-01 | 135,800 | 1.37% | -2.11% |
| 오리온홀딩스 | 001800 | 36 | 21,026 | 2025-10-01 | 20,000 | -5.00% | -1.49% |
| 현대지에프홀딩스 | 005440 | 90 | 8,180 | 2025-10-01 | 7,840 | -4.25% | -2.39% |

## Beta (1Y, 일간 로그수익률)
- 기준일: **2025-10-01**, 윈도우: **2024-10-01 ~ 2025-10-01**

### 포트폴리오 Beta
- 관측치 수: **244**  (공통 거래일 기준)
- 기간: **2024-10-04 ~ 2025-10-01**
- **Beta (직접법)**: **0.6192**

### 개별 종목 Beta
| name | code | n | period | beta |
|---|---:|---:|---|---:|
| KT | 030200 | 245 | 2024-10-02 ~ 2025-10-01 | 0.2366 |
| LG디스플레이 | 034220 | 245 | 2024-10-02 ~ 2025-10-01 | 1.2807 |
| LG유플러스 | 032640 | 245 | 2024-10-02 ~ 2025-10-01 | 0.2403 |
| 강원랜드 | 035250 | 245 | 2024-10-02 ~ 2025-10-01 | 0.4213 |
| 동아쏘시오홀딩스 | 000640 | 245 | 2024-10-02 ~ 2025-10-01 | 0.2539 |
| 삼성물산 | 028260 | 245 | 2024-10-02 ~ 2025-10-01 | 1.0476 |
| 세아베스틸지주 | 001430 | 245 | 2024-10-02 ~ 2025-10-01 | 0.6744 |
| 아모레퍼시픽홀딩스 | 002790 | 245 | 2024-10-02 ~ 2025-10-01 | 0.9380 |
| 영원무역홀딩스 | 009970 | 245 | 2024-10-02 ~ 2025-10-01 | 0.6017 |
| 오리온홀딩스 | 001800 | 245 | 2024-10-02 ~ 2025-10-01 | 0.6618 |
| 현대지에프홀딩스 | 005440 | 245 | 2024-10-02 ~ 2025-10-01 | 0.8224 |

## EWMA Vol (1Y, λ=0.94, Daily)
- 기준일: **2025-10-01**, 윈도우: **2024-10-01 ~ 2025-10-01**
- 결과는 **일간 표준편차(σ)**이며 **연간화하지 않음**

| name | code | n | period | ewma_sigma_daily |
|---|---:|---:|---|---:|
| KT | 030200 | 245 | 2024-10-02 ~ 2025-10-01 | 0.012070 |
| LG디스플레이 | 034220 | 245 | 2024-10-02 ~ 2025-10-01 | 0.033939 |
| LG유플러스 | 032640 | 245 | 2024-10-02 ~ 2025-10-01 | 0.016575 |
| 강원랜드 | 035250 | 245 | 2024-10-02 ~ 2025-10-01 | 0.010801 |
| 동아쏘시오홀딩스 | 000640 | 245 | 2024-10-02 ~ 2025-10-01 | 0.018376 |
| 삼성물산 | 028260 | 245 | 2024-10-02 ~ 2025-10-01 | 0.019982 |
| 세아베스틸지주 | 001430 | 245 | 2024-10-02 ~ 2025-10-01 | 0.015934 |
| 아모레퍼시픽홀딩스 | 002790 | 245 | 2024-10-02 ~ 2025-10-01 | 0.015396 |
| 영원무역홀딩스 | 009970 | 245 | 2024-10-02 ~ 2025-10-01 | 0.022078 |
| 오리온홀딩스 | 001800 | 245 | 2024-10-02 ~ 2025-10-01 | 0.014623 |
| 현대지에프홀딩스 | 005440 | 245 | 2024-10-02 ~ 2025-10-01 | 0.028223 |
## 종목 간 상관관계 (1년)

- 기준일: 2025-10-01  | 기간: 2024-10-01 ~ 2025-10-01


| name | 동아쏘시오홀딩스 | 세아베스틸지주 | 오리온홀딩스 | 아모레퍼시픽홀딩스 | 현대지에프홀딩스 | 영원무역홀딩스 | 삼성물산 | KT | LG유플러스 | 강원랜드 | LG디스플레이 |
|---|---:|---:|---:|---:|---:|---:|---:|---:|---:|---:|---:|
| 동아쏘시오홀딩스 | 1.0000 | 0.1032 | 0.2707 | 0.1987 | 0.3210 | 0.2147 | 0.1276 | -0.0150 | 0.0454 | 0.1647 | 0.1759 |
| 세아베스틸지주 | 0.1032 | 1.0000 | 0.1736 | 0.2339 | 0.2426 | 0.2212 | 0.0925 | 0.0192 | 0.0690 | 0.2351 | 0.1701 |
| 오리온홀딩스 | 0.2707 | 0.1736 | 1.0000 | 0.3495 | 0.4909 | 0.3854 | 0.3116 | 0.1688 | 0.2307 | 0.2093 | 0.1548 |
| 아모레퍼시픽홀딩스 | 0.1987 | 0.2339 | 0.3495 | 1.0000 | 0.3260 | 0.2646 | 0.4522 | 0.1315 | 0.0882 | 0.2660 | 0.2719 |
| 현대지에프홀딩스 | 0.3210 | 0.2426 | 0.4909 | 0.3260 | 1.0000 | 0.3873 | 0.3946 | 0.1464 | 0.1527 | 0.2995 | 0.1753 |
| 영원무역홀딩스 | 0.2147 | 0.2212 | 0.3854 | 0.2646 | 0.3873 | 1.0000 | 0.2868 | 0.1774 | 0.1571 | 0.1479 | 0.1554 |
| 삼성물산 | 0.1276 | 0.0925 | 0.3116 | 0.4522 | 0.3946 | 0.2868 | 1.0000 | 0.1273 | 0.1247 | 0.1747 | 0.2365 |
| KT | -0.0150 | 0.0192 | 0.1688 | 0.1315 | 0.1464 | 0.1774 | 0.1273 | 1.0000 | 0.3932 | 0.1547 | 0.0117 |
| LG유플러스 | 0.0454 | 0.0690 | 0.2307 | 0.0882 | 0.1527 | 0.1571 | 0.1247 | 0.3932 | 1.0000 | 0.1937 | 0.1059 |
| 강원랜드 | 0.1647 | 0.2351 | 0.2093 | 0.2660 | 0.2995 | 0.1479 | 0.1747 | 0.1547 | 0.1937 | 1.0000 | 0.3044 |
| LG디스플레이 | 0.1759 | 0.1701 | 0.1548 | 0.2719 | 0.1753 | 0.1554 | 0.2365 | 0.0117 | 0.1059 | 0.3044 | 1.0000 |

## 포트폴리오 VaR (10-day, 99%) — 2025-10-01

- Total portfolio value (used): 11,208,380 KRW
- z-score: 2.33
- Portfolio σ (money, 10d): 374,125 KRW
- **Portfolio VaR (10d, 99%)**: **871,712 KRW**
- VaR / Portfolio value: **7.78%** → ✅ 15% 이하

## Top 10 Component VaR

| Rank | Name | Position (KRW) | σ10d | cVaR (KRW) | cVaR/Port | cVaR/Pos | Note |
|---:|---|---:|---:|---:|---:|---:|---|
| 1 | 영원무역홀딩스 | 2,172,800 | 0.0658 | 239,058 | 27.42% | 11.00% |  |
| 2 | LG디스플레이 | 1,212,120 | 0.0867 | 134,227 | 15.40% | 11.07% |  |
| 3 | 현대지에프홀딩스 | 705,600 | 0.0948 | 103,935 | 11.92% | 14.73% |  |
| 4 | 삼성물산 | 1,131,000 | 0.0644 | 98,033 | 11.25% | 8.67% |  |
| 5 | 동아쏘시오홀딩스 | 1,147,000 | 0.0561 | 68,628 | 7.87% | 5.98% |  |
| 6 | LG유플러스 | 950,460 | 0.0574 | 48,102 | 5.52% | 5.06% |  |
| 7 | 오리온홀딩스 | 720,000 | 0.0466 | 45,896 | 5.27% | 6.37% |  |
| 8 | 세아베스틸지주 | 803,200 | 0.0571 | 42,796 | 4.91% | 5.33% |  |
| 9 | 강원랜드 | 1,079,400 | 0.0355 | 41,456 | 4.76% | 3.84% |  |
| 10 | 아모레퍼시픽홀딩스 | 478,800 | 0.0518 | 30,859 | 3.54% | 6.45% |  |

- Σ cVaR (all names) = 871,712 KRW
