# 포트폴리오 보고서 (기준일: 2025-10-02)

## 요약
- 포트폴리오 **누적 수익률**: **2.21%**  (V₀=11,045,878, Vₜ=11,293,220)
- 포트폴리오 **일일 수익률**: **0.75%**  (공통 거래일: 2025-10-01 → 2025-10-02)
- KOSPI **일일 수익률**: **2.67%**  (비교 기준일: 2025-10-02)
- **초과수익률(일일)**: **-1.91%**

## 개별 종목 현황 (오늘 기준)

| name | code | shares | buy_price | last_date | close_last | r_i_cum | r_i_daily |
|---|---:|---:|---:|---|---:|---:|---:|
| KT | 030200 | 16 | 52,901 | 2025-10-02 | 51,200 | -3.27% | 1.38% |
| LG디스플레이 | 034220 | 84 | 11,940 | 2025-10-02 | 14,580 | 19.98% | 1.03% |
| LG유플러스 | 032640 | 62 | 14,955 | 2025-10-02 | 15,200 | 1.62% | -0.85% |
| 강원랜드 | 035250 | 60 | 18,291 | 2025-10-02 | 17,970 | -1.77% | -0.11% |
| 동아쏘시오홀딩스 | 000640 | 10 | 109,982 | 2025-10-02 | 112,500 | 2.26% | -1.94% |
| 삼성물산 | 028260 | 6 | 173,255 | 2025-10-02 | 197,800 | 13.25% | 4.82% |
| 세아베스틸지주 | 001430 | 32 | 27,976 | 2025-10-02 | 25,450 | -9.46% | 1.38% |
| 아모레퍼시픽홀딩스 | 002790 | 18 | 27,825 | 2025-10-02 | 26,500 | -4.88% | -0.38% |
| 영원무역홀딩스 | 009970 | 16 | 133,954 | 2025-10-02 | 137,100 | 2.32% | 0.95% |
| 오리온홀딩스 | 001800 | 36 | 21,026 | 2025-10-02 | 20,050 | -4.75% | 0.25% |
| 현대지에프홀딩스 | 005440 | 90 | 8,180 | 2025-10-02 | 7,890 | -3.61% | 0.64% |

## Beta (1Y, 일간 로그수익률)
- 기준일: **2025-10-02**, 윈도우: **2024-10-02 ~ 2025-10-02**

### 포트폴리오 Beta
- 관측치 수: **245**  (공통 거래일 기준)
- 기간: **2024-10-04 ~ 2025-10-02**
- **Beta (직접법)**: **0.6127**

### 개별 종목 Beta
| name | code | n | period | beta |
|---|---:|---:|---|---:|
| KT | 030200 | 246 | 2024-10-02 ~ 2025-10-02 | 0.2414 |
| LG디스플레이 | 034220 | 246 | 2024-10-02 ~ 2025-10-02 | 1.2643 |
| LG유플러스 | 032640 | 246 | 2024-10-02 ~ 2025-10-02 | 0.2288 |
| 강원랜드 | 035250 | 246 | 2024-10-02 ~ 2025-10-02 | 0.4128 |
| 동아쏘시오홀딩스 | 000640 | 246 | 2024-10-02 ~ 2025-10-02 | 0.2358 |
| 삼성물산 | 028260 | 246 | 2024-10-02 ~ 2025-10-02 | 1.0617 |
| 세아베스틸지주 | 001430 | 246 | 2024-10-02 ~ 2025-10-02 | 0.6715 |
| 아모레퍼시픽홀딩스 | 002790 | 246 | 2024-10-02 ~ 2025-10-02 | 0.9187 |
| 영원무역홀딩스 | 009970 | 246 | 2024-10-02 ~ 2025-10-02 | 0.5965 |
| 오리온홀딩스 | 001800 | 246 | 2024-10-02 ~ 2025-10-02 | 0.6511 |
| 현대지에프홀딩스 | 005440 | 246 | 2024-10-02 ~ 2025-10-02 | 0.8107 |

## EWMA Vol (1Y, λ=0.94, Daily)
- 기준일: **2025-10-02**, 윈도우: **2024-10-02 ~ 2025-10-02**
- 결과는 **일간 표준편차(σ)**이며 **연간화하지 않음**

| name | code | n | period | ewma_sigma_daily |
|---|---:|---:|---|---:|
| KT | 030200 | 246 | 2024-10-02 ~ 2025-10-02 | 0.012178 |
| LG디스플레이 | 034220 | 246 | 2024-10-02 ~ 2025-10-02 | 0.033003 |
| LG유플러스 | 032640 | 246 | 2024-10-02 ~ 2025-10-02 | 0.016205 |
| 강원랜드 | 035250 | 246 | 2024-10-02 ~ 2025-10-02 | 0.010476 |
| 동아쏘시오홀딩스 | 000640 | 246 | 2024-10-02 ~ 2025-10-02 | 0.018437 |
| 삼성물산 | 028260 | 246 | 2024-10-02 ~ 2025-10-02 | 0.022682 |
| 세아베스틸지주 | 001430 | 246 | 2024-10-02 ~ 2025-10-02 | 0.015816 |
| 아모레퍼시픽홀딩스 | 002790 | 246 | 2024-10-02 ~ 2025-10-02 | 0.014956 |
| 영원무역홀딩스 | 009970 | 246 | 2024-10-02 ~ 2025-10-02 | 0.021533 |
| 오리온홀딩스 | 001800 | 246 | 2024-10-02 ~ 2025-10-02 | 0.014191 |
| 현대지에프홀딩스 | 005440 | 246 | 2024-10-02 ~ 2025-10-02 | 0.027407 |
## 종목 간 상관관계 (1년)

- 기준일: 2025-10-02  | 기간: 2024-10-02 ~ 2025-10-02


| name | 동아쏘시오홀딩스 | 세아베스틸지주 | 오리온홀딩스 | 아모레퍼시픽홀딩스 | 현대지에프홀딩스 | 영원무역홀딩스 | 삼성물산 | KT | LG유플러스 | 강원랜드 | LG디스플레이 |
|---|---:|---:|---:|---:|---:|---:|---:|---:|---:|---:|---:|
| 동아쏘시오홀딩스 | 1.0000 | 0.1012 | 0.2698 | 0.1989 | 0.3197 | 0.2126 | 0.1178 | -0.0181 | 0.0483 | 0.1647 | 0.1740 |
| 세아베스틸지주 | 0.1012 | 1.0000 | 0.1736 | 0.2335 | 0.2428 | 0.2218 | 0.0954 | 0.0206 | 0.0676 | 0.2349 | 0.1706 |
| 오리온홀딩스 | 0.2698 | 0.1736 | 1.0000 | 0.3494 | 0.4909 | 0.3854 | 0.3095 | 0.1688 | 0.2302 | 0.2092 | 0.1548 |
| 아모레퍼시픽홀딩스 | 0.1989 | 0.2335 | 0.3494 | 1.0000 | 0.3258 | 0.2643 | 0.4468 | 0.1308 | 0.0886 | 0.2661 | 0.2715 |
| 현대지에프홀딩스 | 0.3197 | 0.2428 | 0.4909 | 0.3258 | 1.0000 | 0.3874 | 0.3926 | 0.1467 | 0.1520 | 0.2994 | 0.1755 |
| 영원무역홀딩스 | 0.2126 | 0.2218 | 0.3854 | 0.2643 | 0.3874 | 1.0000 | 0.2875 | 0.1784 | 0.1558 | 0.1477 | 0.1559 |
| 삼성물산 | 0.1178 | 0.0954 | 0.3095 | 0.4468 | 0.3926 | 0.2875 | 1.0000 | 0.1326 | 0.1173 | 0.1724 | 0.2373 |
| KT | -0.0181 | 0.0206 | 0.1688 | 0.1308 | 0.1467 | 0.1784 | 0.1326 | 1.0000 | 0.3900 | 0.1542 | 0.0128 |
| LG유플러스 | 0.0483 | 0.0676 | 0.2302 | 0.0886 | 0.1520 | 0.1558 | 0.1173 | 0.3900 | 1.0000 | 0.1938 | 0.1047 |
| 강원랜드 | 0.1647 | 0.2349 | 0.2092 | 0.2661 | 0.2994 | 0.1477 | 0.1724 | 0.1542 | 0.1938 | 1.0000 | 0.3042 |
| LG디스플레이 | 0.1740 | 0.1706 | 0.1548 | 0.2715 | 0.1755 | 0.1559 | 0.2373 | 0.0128 | 0.1047 | 0.3042 | 1.0000 |

## 포트폴리오 VaR (10-day, 99%) — 2025-10-02

- Total portfolio value (used): 11,293,220 KRW
- z-score: 2.33
- Portfolio σ (money, 10d): 375,416 KRW
- **Portfolio VaR (10d, 99%)**: **874,719 KRW**
- VaR / Portfolio value: **7.75%** → ✅ 15% 이하

## Top 10 Component VaR

| Rank | Name | Position (KRW) | σ10d | cVaR (KRW) | cVaR/Port | cVaR/Pos | Note |
|---:|---|---:|---:|---:|---:|---:|---|
| 1 | 영원무역홀딩스 | 2,193,600 | 0.0639 | 233,111 | 26.65% | 10.63% |  |
| 2 | LG디스플레이 | 1,224,720 | 0.0846 | 131,852 | 15.07% | 10.77% |  |
| 3 | 삼성물산 | 1,186,800 | 0.0724 | 120,276 | 13.75% | 10.13% |  |
| 4 | 현대지에프홀딩스 | 710,100 | 0.0919 | 101,313 | 11.58% | 14.27% |  |
| 5 | 동아쏘시오홀딩스 | 1,125,000 | 0.0563 | 66,305 | 7.58% | 5.89% |  |
| 6 | LG유플러스 | 942,400 | 0.0560 | 45,617 | 5.22% | 4.84% |  |
| 7 | 오리온홀딩스 | 721,800 | 0.0452 | 44,445 | 5.08% | 6.16% |  |
| 8 | 세아베스틸지주 | 814,400 | 0.0566 | 42,775 | 4.89% | 5.25% |  |
| 9 | 강원랜드 | 1,078,200 | 0.0344 | 39,748 | 4.54% | 3.69% |  |
| 10 | 아모레퍼시픽홀딩스 | 477,000 | 0.0503 | 30,080 | 3.44% | 6.31% |  |

- Σ cVaR (all names) = 874,719 KRW
