# 포트폴리오 보고서 (기준일: 2025-12-03)

## 요약
- 포트폴리오 **누적 수익률**: **12.07%**  (V₀=11,045,878, Vₜ=12,463,040)
- 포트폴리오 **일일 수익률**: **2.41%**  (공통 거래일: 2025-12-02 → 2025-12-03)
- KOSPI **일일 수익률**: **1.03%**  (비교 기준일: 2025-12-03)
- **초과수익률(일일)**: **1.38%**

## 개별 종목 현황 (오늘 기준)

| name | code | shares | buy_price | last_date | close_last | r_i_cum | r_i_daily |
|---|---:|---:|---:|---|---:|---:|---:|
| KT | 030200 | 16 | 52,901 | 2025-12-03 | 53,000 | 0.19% | 4.63% |
| LG디스플레이 | 034220 | 84 | 11,940 | 2025-12-03 | 12,790 | 6.88% | 2.21% |
| LG유플러스 | 032640 | 62 | 14,955 | 2025-12-03 | 15,240 | 1.89% | 0.53% |
| 강원랜드 | 035250 | 60 | 18,291 | 2025-12-03 | 18,120 | -0.94% | -0.17% |
| 동아쏘시오홀딩스 | 000640 | 10 | 109,982 | 2025-12-03 | 120,900 | 9.46% | 1.08% |
| 삼성물산 | 028260 | 6 | 173,255 | 2025-12-03 | 245,500 | 34.85% | 8.94% |
| 세아베스틸지주 | 001430 | 32 | 27,976 | 2025-12-03 | 28,250 | 0.97% | 1.97% |
| 아모레퍼시픽홀딩스 | 002790 | 18 | 27,825 | 2025-12-03 | 28,600 | 2.75% | 1.76% |
| 영원무역홀딩스 | 009970 | 16 | 133,954 | 2025-12-03 | 182,900 | 31.14% | 0.93% |
| 오리온홀딩스 | 001800 | 36 | 21,026 | 2025-12-03 | 20,250 | -3.76% | 2.20% |
| 현대지에프홀딩스 | 005440 | 90 | 8,180 | 2025-12-03 | 8,360 | 2.18% | 3.04% |

## Beta (1Y, 일간 로그수익률)
- 기준일: **2025-12-03**, 윈도우: **2024-12-03 ~ 2025-12-03**

### 포트폴리오 Beta
- 관측치 수: **242**  (공통 거래일 기준)
- 기간: **2024-12-04 ~ 2025-12-03**
- **Beta (직접법)**: **0.5963**

### 개별 종목 Beta
| name | code | n | period | beta |
|---|---:|---:|---|---:|
| KT | 030200 | 243 | 2024-12-03 ~ 2025-12-03 | 0.2807 |
| LG디스플레이 | 034220 | 243 | 2024-12-03 ~ 2025-12-03 | 1.1417 |
| LG유플러스 | 032640 | 243 | 2024-12-03 ~ 2025-12-03 | 0.1953 |
| 강원랜드 | 035250 | 243 | 2024-12-03 ~ 2025-12-03 | 0.3539 |
| 동아쏘시오홀딩스 | 000640 | 243 | 2024-12-03 ~ 2025-12-03 | 0.2525 |
| 삼성물산 | 028260 | 243 | 2024-12-03 ~ 2025-12-03 | 1.0673 |
| 세아베스틸지주 | 001430 | 243 | 2024-12-03 ~ 2025-12-03 | 0.6061 |
| 아모레퍼시픽홀딩스 | 002790 | 243 | 2024-12-03 ~ 2025-12-03 | 0.7053 |
| 영원무역홀딩스 | 009970 | 243 | 2024-12-03 ~ 2025-12-03 | 0.6019 |
| 오리온홀딩스 | 001800 | 243 | 2024-12-03 ~ 2025-12-03 | 0.6297 |
| 현대지에프홀딩스 | 005440 | 243 | 2024-12-03 ~ 2025-12-03 | 0.8075 |

## EWMA Vol (1Y, λ=0.94, Daily)
- 기준일: **2025-12-03**, 윈도우: **2024-12-03 ~ 2025-12-03**
- 결과는 **일간 표준편차(σ)**이며 **연간화하지 않음**

| name | code | n | period | ewma_sigma_daily |
|---|---:|---:|---|---:|
| KT | 030200 | 243 | 2024-12-03 ~ 2025-12-03 | 0.014979 |
| LG디스플레이 | 034220 | 243 | 2024-12-03 ~ 2025-12-03 | 0.025763 |
| LG유플러스 | 032640 | 243 | 2024-12-03 ~ 2025-12-03 | 0.019475 |
| 강원랜드 | 035250 | 243 | 2024-12-03 ~ 2025-12-03 | 0.010766 |
| 동아쏘시오홀딩스 | 000640 | 243 | 2024-12-03 ~ 2025-12-03 | 0.018783 |
| 삼성물산 | 028260 | 243 | 2024-12-03 ~ 2025-12-03 | 0.035354 |
| 세아베스틸지주 | 001430 | 243 | 2024-12-03 ~ 2025-12-03 | 0.024618 |
| 아모레퍼시픽홀딩스 | 002790 | 243 | 2024-12-03 ~ 2025-12-03 | 0.026593 |
| 영원무역홀딩스 | 009970 | 243 | 2024-12-03 ~ 2025-12-03 | 0.038569 |
| 오리온홀딩스 | 001800 | 243 | 2024-12-03 ~ 2025-12-03 | 0.018046 |
| 현대지에프홀딩스 | 005440 | 243 | 2024-12-03 ~ 2025-12-03 | 0.027564 |
## 종목 간 상관관계 (1년)

- 기준일: 2025-12-03  | 기간: 2024-12-03 ~ 2025-12-03


| name | 동아쏘시오홀딩스 | 세아베스틸지주 | 오리온홀딩스 | 아모레퍼시픽홀딩스 | 현대지에프홀딩스 | 영원무역홀딩스 | 삼성물산 | KT | LG유플러스 | 강원랜드 | LG디스플레이 |
|---|---:|---:|---:|---:|---:|---:|---:|---:|---:|---:|---:|
| 동아쏘시오홀딩스 | 1.0000 | 0.1907 | 0.3192 | 0.1962 | 0.3250 | 0.2370 | 0.1918 | 0.0329 | 0.1175 | 0.1756 | 0.2056 |
| 세아베스틸지주 | 0.1907 | 1.0000 | 0.2378 | 0.3028 | 0.2765 | 0.1605 | 0.1201 | 0.1049 | 0.1148 | 0.3020 | 0.1659 |
| 오리온홀딩스 | 0.3192 | 0.2378 | 1.0000 | 0.3964 | 0.5665 | 0.3558 | 0.3306 | 0.1985 | 0.2440 | 0.2635 | 0.1753 |
| 아모레퍼시픽홀딩스 | 0.1962 | 0.3028 | 0.3964 | 1.0000 | 0.3282 | 0.2083 | 0.3613 | 0.2260 | 0.1706 | 0.3056 | 0.2173 |
| 현대지에프홀딩스 | 0.3250 | 0.2765 | 0.5665 | 0.3282 | 1.0000 | 0.4317 | 0.4125 | 0.2452 | 0.2179 | 0.3395 | 0.2005 |
| 영원무역홀딩스 | 0.2370 | 0.1605 | 0.3558 | 0.2083 | 0.4317 | 1.0000 | 0.2665 | 0.2554 | 0.1856 | 0.1702 | 0.1668 |
| 삼성물산 | 0.1918 | 0.1201 | 0.3306 | 0.3613 | 0.4125 | 0.2665 | 1.0000 | 0.2211 | 0.1436 | 0.1795 | 0.2794 |
| KT | 0.0329 | 0.1049 | 0.1985 | 0.2260 | 0.2452 | 0.2554 | 0.2211 | 1.0000 | 0.3021 | 0.1742 | 0.0896 |
| LG유플러스 | 0.1175 | 0.1148 | 0.2440 | 0.1706 | 0.2179 | 0.1856 | 0.1436 | 0.3021 | 1.0000 | 0.2072 | 0.1728 |
| 강원랜드 | 0.1756 | 0.3020 | 0.2635 | 0.3056 | 0.3395 | 0.1702 | 0.1795 | 0.1742 | 0.2072 | 1.0000 | 0.3020 |
| LG디스플레이 | 0.2056 | 0.1659 | 0.1753 | 0.2173 | 0.2005 | 0.1668 | 0.2794 | 0.0896 | 0.1728 | 0.3020 | 1.0000 |

## 포트폴리오 VaR (10-day, 99%) — 2025-12-03

- Total portfolio value (used): 12,463,040 KRW
- z-score: 2.33
- Portfolio σ (money, 10d): 578,366 KRW
- **Portfolio VaR (10d, 99%)**: **1,347,593 KRW**
- VaR / Portfolio value: **10.81%** → ✅ 15% 이하

## Top 10 Component VaR

| Rank | Name | Position (KRW) | σ10d | cVaR (KRW) | cVaR/Port | cVaR/Pos | Note |
|---:|---|---:|---:|---:|---:|---:|---|
| 1 | 영원무역홀딩스 | 2,926,400 | 0.1061 | 587,574 | 43.60% | 20.08% |  |
| 2 | 삼성물산 | 1,473,000 | 0.1009 | 211,566 | 15.70% | 14.36% |  |
| 3 | 현대지에프홀딩스 | 752,400 | 0.0894 | 106,461 | 7.90% | 14.15% |  |
| 4 | 세아베스틸지주 | 904,000 | 0.0915 | 79,383 | 5.89% | 8.78% |  |
| 5 | 동아쏘시오홀딩스 | 1,209,000 | 0.0582 | 73,785 | 5.48% | 6.10% |  |
| 6 | LG디스플레이 | 1,074,360 | 0.0657 | 69,957 | 5.19% | 6.51% |  |
| 7 | 오리온홀딩스 | 729,000 | 0.0558 | 55,732 | 4.14% | 7.64% |  |
| 8 | 아모레퍼시픽홀딩스 | 514,800 | 0.0818 | 47,818 | 3.55% | 9.29% |  |
| 9 | LG유플러스 | 944,880 | 0.0559 | 45,184 | 3.35% | 4.78% |  |
| 10 | 강원랜드 | 1,087,200 | 0.0363 | 38,327 | 2.84% | 3.53% |  |

- Σ cVaR (all names) = 1,347,593 KRW
