# 포트폴리오 보고서 (기준일: 2025-11-21)

## 요약
- 포트폴리오 **누적 수익률**: **6.76%**  (V₀=11,045,878, Vₜ=11,818,220)
- 포트폴리오 **일일 수익률**: **-1.12%**  (공통 거래일: 2025-11-20 → 2025-11-21)
- KOSPI **일일 수익률**: **-3.86%**  (비교 기준일: 2025-11-21)
- **초과수익률(일일)**: **2.74%**

## 개별 종목 현황 (오늘 기준)

| name | code | shares | buy_price | last_date | close_last | r_i_cum | r_i_daily |
|---|---:|---:|---:|---|---:|---:|---:|
| KT | 030200 | 16 | 52,901 | 2025-11-21 | 49,900 | -5.84% | 1.21% |
| LG디스플레이 | 034220 | 84 | 11,940 | 2025-11-21 | 12,150 | 1.74% | -2.84% |
| LG유플러스 | 032640 | 62 | 14,955 | 2025-11-21 | 15,600 | 4.22% | -1.15% |
| 강원랜드 | 035250 | 60 | 18,291 | 2025-11-21 | 17,720 | -3.17% | 0.51% |
| 동아쏘시오홀딩스 | 000640 | 10 | 109,982 | 2025-11-21 | 106,000 | -3.69% | -2.61% |
| 삼성물산 | 028260 | 6 | 173,255 | 2025-11-21 | 216,000 | 22.05% | -3.64% |
| 세아베스틸지주 | 001430 | 32 | 27,976 | 2025-11-21 | 26,500 | -5.42% | -1.31% |
| 아모레퍼시픽홀딩스 | 002790 | 18 | 27,825 | 2025-11-21 | 30,450 | 9.02% | -1.63% |
| 영원무역홀딩스 | 009970 | 16 | 133,954 | 2025-11-21 | 172,600 | 25.35% | 0.29% |
| 오리온홀딩스 | 001800 | 36 | 21,026 | 2025-11-21 | 19,820 | -5.91% | -0.15% |
| 현대지에프홀딩스 | 005440 | 90 | 8,180 | 2025-11-21 | 8,240 | 0.73% | -2.40% |

## Beta (1Y, 일간 로그수익률)
- 기준일: **2025-11-21**, 윈도우: **2024-11-21 ~ 2025-11-21**

### 포트폴리오 Beta
- 관측치 수: **242**  (공통 거래일 기준)
- 기간: **2024-11-22 ~ 2025-11-21**
- **Beta (직접법)**: **0.5693**

### 개별 종목 Beta
| name | code | n | period | beta |
|---|---:|---:|---|---:|
| KT | 030200 | 243 | 2024-11-21 ~ 2025-11-21 | 0.2610 |
| LG디스플레이 | 034220 | 243 | 2024-11-21 ~ 2025-11-21 | 1.1459 |
| LG유플러스 | 032640 | 243 | 2024-11-21 ~ 2025-11-21 | 0.2003 |
| 강원랜드 | 035250 | 243 | 2024-11-21 ~ 2025-11-21 | 0.3420 |
| 동아쏘시오홀딩스 | 000640 | 243 | 2024-11-21 ~ 2025-11-21 | 0.2272 |
| 삼성물산 | 028260 | 243 | 2024-11-21 ~ 2025-11-21 | 1.0660 |
| 세아베스틸지주 | 001430 | 243 | 2024-11-21 ~ 2025-11-21 | 0.5616 |
| 아모레퍼시픽홀딩스 | 002790 | 243 | 2024-11-21 ~ 2025-11-21 | 0.7298 |
| 영원무역홀딩스 | 009970 | 243 | 2024-11-21 ~ 2025-11-21 | 0.5190 |
| 오리온홀딩스 | 001800 | 243 | 2024-11-21 ~ 2025-11-21 | 0.6274 |
| 현대지에프홀딩스 | 005440 | 243 | 2024-11-21 ~ 2025-11-21 | 0.7899 |

## EWMA Vol (1Y, λ=0.94, Daily)
- 기준일: **2025-11-21**, 윈도우: **2024-11-21 ~ 2025-11-21**
- 결과는 **일간 표준편차(σ)**이며 **연간화하지 않음**

| name | code | n | period | ewma_sigma_daily |
|---|---:|---:|---|---:|
| KT | 030200 | 243 | 2024-11-21 ~ 2025-11-21 | 0.012156 |
| LG디스플레이 | 034220 | 243 | 2024-11-21 ~ 2025-11-21 | 0.030113 |
| LG유플러스 | 032640 | 243 | 2024-11-21 ~ 2025-11-21 | 0.020328 |
| 강원랜드 | 035250 | 243 | 2024-11-21 ~ 2025-11-21 | 0.010695 |
| 동아쏘시오홀딩스 | 000640 | 243 | 2024-11-21 ~ 2025-11-21 | 0.015474 |
| 삼성물산 | 028260 | 243 | 2024-11-21 ~ 2025-11-21 | 0.030437 |
| 세아베스틸지주 | 001430 | 243 | 2024-11-21 ~ 2025-11-21 | 0.029454 |
| 아모레퍼시픽홀딩스 | 002790 | 243 | 2024-11-21 ~ 2025-11-21 | 0.031456 |
| 영원무역홀딩스 | 009970 | 243 | 2024-11-21 ~ 2025-11-21 | 0.033879 |
| 오리온홀딩스 | 001800 | 243 | 2024-11-21 ~ 2025-11-21 | 0.018864 |
| 현대지에프홀딩스 | 005440 | 243 | 2024-11-21 ~ 2025-11-21 | 0.032041 |
## 종목 간 상관관계 (1년)

- 기준일: 2025-11-21  | 기간: 2024-11-21 ~ 2025-11-21


| name | 동아쏘시오홀딩스 | 세아베스틸지주 | 오리온홀딩스 | 아모레퍼시픽홀딩스 | 현대지에프홀딩스 | 영원무역홀딩스 | 삼성물산 | KT | LG유플러스 | 강원랜드 | LG디스플레이 |
|---|---:|---:|---:|---:|---:|---:|---:|---:|---:|---:|---:|
| 동아쏘시오홀딩스 | 1.0000 | 0.1960 | 0.3175 | 0.2050 | 0.3314 | 0.2386 | 0.1768 | 0.0249 | 0.0907 | 0.1558 | 0.1927 |
| 세아베스틸지주 | 0.1960 | 1.0000 | 0.2272 | 0.2914 | 0.2653 | 0.1773 | 0.0875 | 0.0954 | 0.1138 | 0.3092 | 0.1427 |
| 오리온홀딩스 | 0.3175 | 0.2272 | 1.0000 | 0.3918 | 0.5593 | 0.3829 | 0.3390 | 0.1810 | 0.2426 | 0.2565 | 0.1723 |
| 아모레퍼시픽홀딩스 | 0.2050 | 0.2914 | 0.3918 | 1.0000 | 0.3176 | 0.2202 | 0.3862 | 0.2164 | 0.1627 | 0.3002 | 0.2267 |
| 현대지에프홀딩스 | 0.3314 | 0.2653 | 0.5593 | 0.3176 | 1.0000 | 0.4405 | 0.4116 | 0.2470 | 0.2140 | 0.3354 | 0.1985 |
| 영원무역홀딩스 | 0.2386 | 0.1773 | 0.3829 | 0.2202 | 0.4405 | 1.0000 | 0.2599 | 0.2574 | 0.1823 | 0.1755 | 0.1498 |
| 삼성물산 | 0.1768 | 0.0875 | 0.3390 | 0.3862 | 0.4116 | 0.2599 | 1.0000 | 0.1825 | 0.1696 | 0.1955 | 0.2849 |
| KT | 0.0249 | 0.0954 | 0.1810 | 0.2164 | 0.2470 | 0.2574 | 0.1825 | 1.0000 | 0.3268 | 0.1980 | 0.0743 |
| LG유플러스 | 0.0907 | 0.1138 | 0.2426 | 0.1627 | 0.2140 | 0.1823 | 0.1696 | 0.3268 | 1.0000 | 0.2080 | 0.1751 |
| 강원랜드 | 0.1558 | 0.3092 | 0.2565 | 0.3002 | 0.3354 | 0.1755 | 0.1955 | 0.1980 | 0.2080 | 1.0000 | 0.2928 |
| LG디스플레이 | 0.1927 | 0.1427 | 0.1723 | 0.2267 | 0.1985 | 0.1498 | 0.2849 | 0.0743 | 0.1751 | 0.2928 | 1.0000 |

## 포트폴리오 VaR (10-day, 99%) — 2025-11-21

- Total portfolio value (used): 11,818,220 KRW
- z-score: 2.33
- Portfolio σ (money, 10d): 532,933 KRW
- **Portfolio VaR (10d, 99%)**: **1,241,734 KRW**
- VaR / Portfolio value: **10.51%** → ✅ 15% 이하

## Top 10 Component VaR

| Rank | Name | Position (KRW) | σ10d | cVaR (KRW) | cVaR/Port | cVaR/Pos | Note |
|---:|---|---:|---:|---:|---:|---:|---|
| 1 | 영원무역홀딩스 | 2,761,600 | 0.0965 | 492,324 | 39.65% | 17.83% |  |
| 2 | 삼성물산 | 1,296,000 | 0.0889 | 157,755 | 12.70% | 12.17% |  |
| 3 | 현대지에프홀딩스 | 741,600 | 0.1030 | 123,716 | 9.96% | 16.68% |  |
| 4 | 세아베스틸지주 | 848,000 | 0.1073 | 93,871 | 7.56% | 11.07% |  |
| 5 | LG디스플레이 | 1,020,600 | 0.0782 | 81,397 | 6.56% | 7.98% |  |
| 6 | 아모레퍼시픽홀딩스 | 548,100 | 0.0995 | 66,797 | 5.38% | 12.19% |  |
| 7 | 오리온홀딩스 | 713,520 | 0.0590 | 60,065 | 4.84% | 8.42% |  |
| 8 | LG유플러스 | 967,200 | 0.0614 | 54,194 | 4.36% | 5.60% |  |
| 9 | 동아쏘시오홀딩스 | 1,060,000 | 0.0463 | 48,921 | 3.94% | 4.62% |  |
| 10 | 강원랜드 | 1,063,200 | 0.0354 | 38,925 | 3.13% | 3.66% |  |

- Σ cVaR (all names) = 1,241,734 KRW
