# 포트폴리오 보고서 (기준일: 2026-01-05)

## 요약
- 포트폴리오 **누적 수익률**: **17.82%**  (V₀=11,045,878, Vₜ=13,200,560)
- 포트폴리오 **일일 수익률**: **1.16%**  (공통 거래일: 2026-01-02 → 2026-01-05)
- KOSPI **일일 수익률**: **1.23%**  (비교 기준일: 2025-09-16)
- **초과수익률(일일)**: **-0.08%**

## 개별 종목 현황 (오늘 기준)

| name | code | shares | buy_price | last_date | close_last | r_i_cum | r_i_daily |
|---|---:|---:|---:|---|---:|---:|---:|
| KT | 030200 | 16 | 52,901 | 2026-01-05 | 51,600 | -2.49% | 0.58% |
| LG디스플레이 | 034220 | 84 | 11,940 | 2026-01-05 | 12,020 | 0.67% | 1.59% |
| LG유플러스 | 032640 | 62 | 14,955 | 2026-01-05 | 14,560 | -2.68% | 0.90% |
| 강원랜드 | 035250 | 60 | 18,291 | 2026-01-05 | 18,290 | -0.01% | -0.60% |
| 동아쏘시오홀딩스 | 000640 | 10 | 109,982 | 2026-01-05 | 107,800 | -2.00% | 0.09% |
| 삼성물산 | 028260 | 6 | 173,255 | 2026-01-05 | 254,500 | 38.45% | 3.80% |
| 세아베스틸지주 | 001430 | 32 | 27,976 | 2026-01-05 | 56,300 | 69.93% | 0.71% |
| 아모레퍼시픽홀딩스 | 002790 | 18 | 27,825 | 2026-01-05 | 28,250 | 1.52% | -2.62% |
| 영원무역홀딩스 | 009970 | 16 | 133,954 | 2026-01-05 | 188,500 | 34.16% | 2.63% |
| 오리온홀딩스 | 001800 | 36 | 21,026 | 2026-01-05 | 19,960 | -5.20% | 0.00% |
| 현대지에프홀딩스 | 005440 | 90 | 8,180 | 2026-01-05 | 7,950 | -2.85% | -0.88% |

## Beta (1Y, 일간 로그수익률)
- 기준일: **2026-01-05**, 윈도우: **2025-01-05 ~ 2026-01-05**

### 포트폴리오 Beta
- 관측치 수: **170**  (공통 거래일 기준)
- 기간: **2025-01-07 ~ 2025-09-16**
- **Beta (직접법)**: **0.6581**

### 개별 종목 Beta
| name | code | n | period | beta |
|---|---:|---:|---|---:|
| KT | 030200 | 171 | 2025-01-06 ~ 2025-09-16 | 0.2677 |
| LG디스플레이 | 034220 | 171 | 2025-01-06 ~ 2025-09-16 | 1.2770 |
| LG유플러스 | 032640 | 171 | 2025-01-06 ~ 2025-09-16 | 0.2037 |
| 강원랜드 | 035250 | 171 | 2025-01-06 ~ 2025-09-16 | 0.3781 |
| 동아쏘시오홀딩스 | 000640 | 171 | 2025-01-06 ~ 2025-09-16 | 0.2753 |
| 삼성물산 | 028260 | 171 | 2025-01-06 ~ 2025-09-16 | 1.0183 |
| 세아베스틸지주 | 001430 | 171 | 2025-01-06 ~ 2025-09-16 | 0.6716 |
| 아모레퍼시픽홀딩스 | 002790 | 171 | 2025-01-06 ~ 2025-09-16 | 0.8861 |
| 영원무역홀딩스 | 009970 | 171 | 2025-01-06 ~ 2025-09-16 | 0.7919 |
| 오리온홀딩스 | 001800 | 171 | 2025-01-06 ~ 2025-09-16 | 0.7587 |
| 현대지에프홀딩스 | 005440 | 171 | 2025-01-06 ~ 2025-09-16 | 0.8307 |

## EWMA Vol (1Y, λ=0.94, Daily)
- 기준일: **2026-01-05**, 윈도우: **2025-01-05 ~ 2026-01-05**
- 결과는 **일간 표준편차(σ)**이며 **연간화하지 않음**

| name | code | n | period | ewma_sigma_daily |
|---|---:|---:|---|---:|
| KT | 030200 | 242 | 2025-01-06 ~ 2026-01-05 | 0.013995 |
| LG디스플레이 | 034220 | 242 | 2025-01-06 ~ 2026-01-05 | 0.019445 |
| LG유플러스 | 032640 | 242 | 2025-01-06 ~ 2026-01-05 | 0.014865 |
| 강원랜드 | 035250 | 242 | 2025-01-06 ~ 2026-01-05 | 0.013121 |
| 동아쏘시오홀딩스 | 000640 | 242 | 2025-01-06 ~ 2026-01-05 | 0.014551 |
| 삼성물산 | 028260 | 242 | 2025-01-06 ~ 2026-01-05 | 0.025693 |
| 세아베스틸지주 | 001430 | 242 | 2025-01-06 ~ 2026-01-05 | 0.079261 |
| 아모레퍼시픽홀딩스 | 002790 | 242 | 2025-01-06 ~ 2026-01-05 | 0.026482 |
| 영원무역홀딩스 | 009970 | 242 | 2025-01-06 ~ 2026-01-05 | 0.032975 |
| 오리온홀딩스 | 001800 | 242 | 2025-01-06 ~ 2026-01-05 | 0.015749 |
| 현대지에프홀딩스 | 005440 | 242 | 2025-01-06 ~ 2026-01-05 | 0.021553 |
## 종목 간 상관관계 (1년)

- 기준일: 2026-01-05  | 기간: 2025-01-05 ~ 2026-01-05


| name | 동아쏘시오홀딩스 | 세아베스틸지주 | 오리온홀딩스 | 아모레퍼시픽홀딩스 | 현대지에프홀딩스 | 영원무역홀딩스 | 삼성물산 | KT | LG유플러스 | 강원랜드 | LG디스플레이 |
|---|---:|---:|---:|---:|---:|---:|---:|---:|---:|---:|---:|
| 동아쏘시오홀딩스 | 1.0000 | 0.0824 | 0.3284 | 0.1619 | 0.3556 | 0.2268 | 0.1728 | 0.0753 | 0.1443 | 0.1709 | 0.2091 |
| 세아베스틸지주 | 0.0824 | 1.0000 | 0.1336 | 0.1989 | 0.1477 | 0.0893 | 0.0678 | 0.0171 | 0.0319 | 0.1037 | 0.0437 |
| 오리온홀딩스 | 0.3284 | 0.1336 | 1.0000 | 0.3434 | 0.5735 | 0.3703 | 0.3052 | 0.2069 | 0.2393 | 0.2243 | 0.1439 |
| 아모레퍼시픽홀딩스 | 0.1619 | 0.1989 | 0.3434 | 1.0000 | 0.2843 | 0.1645 | 0.3461 | 0.1738 | 0.1142 | 0.2179 | 0.1705 |
| 현대지에프홀딩스 | 0.3556 | 0.1477 | 0.5735 | 0.2843 | 1.0000 | 0.4362 | 0.3711 | 0.2053 | 0.2065 | 0.3201 | 0.1659 |
| 영원무역홀딩스 | 0.2268 | 0.0893 | 0.3703 | 0.1645 | 0.4362 | 1.0000 | 0.2613 | 0.2454 | 0.1889 | 0.1743 | 0.1442 |
| 삼성물산 | 0.1728 | 0.0678 | 0.3052 | 0.3461 | 0.3711 | 0.2613 | 1.0000 | 0.1906 | 0.1146 | 0.1167 | 0.2590 |
| KT | 0.0753 | 0.0171 | 0.2069 | 0.1738 | 0.2053 | 0.2454 | 0.1906 | 1.0000 | 0.2720 | 0.1722 | 0.0755 |
| LG유플러스 | 0.1443 | 0.0319 | 0.2393 | 0.1142 | 0.2065 | 0.1889 | 0.1146 | 0.2720 | 1.0000 | 0.1857 | 0.1538 |
| 강원랜드 | 0.1709 | 0.1037 | 0.2243 | 0.2179 | 0.3201 | 0.1743 | 0.1167 | 0.1722 | 0.1857 | 1.0000 | 0.2403 |
| LG디스플레이 | 0.2091 | 0.0437 | 0.1439 | 0.1705 | 0.1659 | 0.1442 | 0.2590 | 0.0755 | 0.1538 | 0.2403 | 1.0000 |

## 포트폴리오 VaR (10-day, 99%) — 2026-01-05

- Total portfolio value (used): 13,200,560 KRW
- z-score: 2.33
- Portfolio σ (money, 10d): 731,253 KRW
- **Portfolio VaR (10d, 99%)**: **1,703,820 KRW**
- VaR / Portfolio value: **12.91%** → ✅ 15% 이하

## Top 10 Component VaR

| Rank | Name | Position (KRW) | σ10d | cVaR (KRW) | cVaR/Port | cVaR/Pos | Note |
|---:|---|---:|---:|---:|---:|---:|---|
| 1 | 세아베스틸지주 | 1,801,600 | 0.2830 | 935,297 | 54.89% | 51.91% |  |
| 2 | 영원무역홀딩스 | 3,016,000 | 0.0911 | 379,755 | 22.29% | 12.59% |  |
| 3 | 삼성물산 | 1,527,000 | 0.0725 | 105,665 | 6.20% | 6.92% |  |
| 4 | 현대지에프홀딩스 | 715,500 | 0.0709 | 60,786 | 3.57% | 8.50% |  |
| 5 | 동아쏘시오홀딩스 | 1,078,000 | 0.0481 | 39,450 | 2.32% | 3.66% |  |
| 6 | 아모레퍼시픽홀딩스 | 508,500 | 0.0821 | 38,711 | 2.27% | 7.61% |  |
| 7 | 오리온홀딩스 | 718,560 | 0.0488 | 37,247 | 2.19% | 5.18% |  |
| 8 | 강원랜드 | 1,097,400 | 0.0457 | 36,801 | 2.16% | 3.35% |  |
| 9 | LG디스플레이 | 1,009,680 | 0.0511 | 31,855 | 1.87% | 3.15% |  |
| 10 | LG유플러스 | 902,720 | 0.0418 | 21,050 | 1.24% | 2.33% |  |

- Σ cVaR (all names) = 1,703,820 KRW
