# 포트폴리오 보고서 (기준일: 2025-12-12)

## 요약
- 포트폴리오 **누적 수익률**: **18.66%**  (V₀=11,045,878, Vₜ=13,311,560)
- 포트폴리오 **일일 수익률**: **2.46%**  (공통 거래일: 2025-12-11 → 2025-12-12)
- KOSPI **일일 수익률**: **1.37%**  (비교 기준일: 2025-12-12)
- **초과수익률(일일)**: **1.09%**

## 개별 종목 현황 (오늘 기준)

| name | code | shares | buy_price | last_date | close_last | r_i_cum | r_i_daily |
|---|---:|---:|---:|---|---:|---:|---:|
| KT | 030200 | 16 | 52,901 | 2025-12-12 | 52,600 | -0.57% | 2.50% |
| LG디스플레이 | 034220 | 84 | 11,940 | 2025-12-12 | 12,520 | 4.74% | 0.32% |
| LG유플러스 | 032640 | 62 | 14,955 | 2025-12-12 | 15,090 | 0.90% | 1.00% |
| 강원랜드 | 035250 | 60 | 18,291 | 2025-12-12 | 17,980 | -1.71% | 1.29% |
| 동아쏘시오홀딩스 | 000640 | 10 | 109,982 | 2025-12-12 | 122,200 | 10.53% | -0.16% |
| 삼성물산 | 028260 | 6 | 173,255 | 2025-12-12 | 255,000 | 38.65% | 1.18% |
| 세아베스틸지주 | 001430 | 32 | 27,976 | 2025-12-12 | 44,750 | 46.97% | 26.16% |
| 아모레퍼시픽홀딩스 | 002790 | 18 | 27,825 | 2025-12-12 | 27,400 | -1.54% | 1.84% |
| 영원무역홀딩스 | 009970 | 16 | 133,954 | 2025-12-12 | 198,500 | 39.33% | -2.98% |
| 오리온홀딩스 | 001800 | 36 | 21,026 | 2025-12-12 | 21,500 | 2.23% | 1.64% |
| 현대지에프홀딩스 | 005440 | 90 | 8,180 | 2025-12-12 | 8,630 | 5.36% | 0.58% |

## Beta (1Y, 일간 로그수익률)
- 기준일: **2025-12-12**, 윈도우: **2024-12-12 ~ 2025-12-12**

### 포트폴리오 Beta
- 관측치 수: **242**  (공통 거래일 기준)
- 기간: **2024-12-13 ~ 2025-12-12**
- **Beta (직접법)**: **0.5690**

### 개별 종목 Beta
| name | code | n | period | beta |
|---|---:|---:|---|---:|
| KT | 030200 | 243 | 2024-12-12 ~ 2025-12-12 | 0.2631 |
| LG디스플레이 | 034220 | 243 | 2024-12-12 ~ 2025-12-12 | 1.1191 |
| LG유플러스 | 032640 | 243 | 2024-12-12 ~ 2025-12-12 | 0.1693 |
| 강원랜드 | 035250 | 243 | 2024-12-12 ~ 2025-12-12 | 0.2942 |
| 동아쏘시오홀딩스 | 000640 | 243 | 2024-12-12 ~ 2025-12-12 | 0.1929 |
| 삼성물산 | 028260 | 243 | 2024-12-12 ~ 2025-12-12 | 1.0748 |
| 세아베스틸지주 | 001430 | 243 | 2024-12-12 ~ 2025-12-12 | 0.6094 |
| 아모레퍼시픽홀딩스 | 002790 | 243 | 2024-12-12 ~ 2025-12-12 | 0.6519 |
| 영원무역홀딩스 | 009970 | 243 | 2024-12-12 ~ 2025-12-12 | 0.5807 |
| 오리온홀딩스 | 001800 | 243 | 2024-12-12 ~ 2025-12-12 | 0.6026 |
| 현대지에프홀딩스 | 005440 | 243 | 2024-12-12 ~ 2025-12-12 | 0.7682 |

## EWMA Vol (1Y, λ=0.94, Daily)
- 기준일: **2025-12-12**, 윈도우: **2024-12-12 ~ 2025-12-12**
- 결과는 **일간 표준편차(σ)**이며 **연간화하지 않음**

| name | code | n | period | ewma_sigma_daily |
|---|---:|---:|---|---:|
| KT | 030200 | 243 | 2024-12-12 ~ 2025-12-12 | 0.015276 |
| LG디스플레이 | 034220 | 243 | 2024-12-12 ~ 2025-12-12 | 0.023082 |
| LG유플러스 | 032640 | 243 | 2024-12-12 ~ 2025-12-12 | 0.016321 |
| 강원랜드 | 035250 | 243 | 2024-12-12 ~ 2025-12-12 | 0.010200 |
| 동아쏘시오홀딩스 | 000640 | 243 | 2024-12-12 ~ 2025-12-12 | 0.015666 |
| 삼성물산 | 028260 | 243 | 2024-12-12 ~ 2025-12-12 | 0.030402 |
| 세아베스틸지주 | 001430 | 243 | 2024-12-12 ~ 2025-12-12 | 0.077672 |
| 아모레퍼시픽홀딩스 | 002790 | 243 | 2024-12-12 ~ 2025-12-12 | 0.023448 |
| 영원무역홀딩스 | 009970 | 243 | 2024-12-12 ~ 2025-12-12 | 0.035976 |
| 오리온홀딩스 | 001800 | 243 | 2024-12-12 ~ 2025-12-12 | 0.018488 |
| 현대지에프홀딩스 | 005440 | 243 | 2024-12-12 ~ 2025-12-12 | 0.027435 |
## 종목 간 상관관계 (1년)

- 기준일: 2025-12-12  | 기간: 2024-12-12 ~ 2025-12-12


| name | 동아쏘시오홀딩스 | 세아베스틸지주 | 오리온홀딩스 | 아모레퍼시픽홀딩스 | 현대지에프홀딩스 | 영원무역홀딩스 | 삼성물산 | KT | LG유플러스 | 강원랜드 | LG디스플레이 |
|---|---:|---:|---:|---:|---:|---:|---:|---:|---:|---:|---:|
| 동아쏘시오홀딩스 | 1.0000 | 0.1086 | 0.3007 | 0.1532 | 0.3037 | 0.2217 | 0.1656 | 0.0042 | 0.0798 | 0.1225 | 0.1759 |
| 세아베스틸지주 | 0.1086 | 1.0000 | 0.1865 | 0.2078 | 0.1956 | 0.0758 | 0.0917 | 0.0981 | 0.0764 | 0.1895 | 0.0858 |
| 오리온홀딩스 | 0.3007 | 0.1865 | 1.0000 | 0.3791 | 0.5734 | 0.3573 | 0.3188 | 0.1867 | 0.2235 | 0.2371 | 0.1531 |
| 아모레퍼시픽홀딩스 | 0.1532 | 0.2078 | 0.3791 | 1.0000 | 0.3247 | 0.1905 | 0.3572 | 0.2209 | 0.1507 | 0.2658 | 0.1880 |
| 현대지에프홀딩스 | 0.3037 | 0.1956 | 0.5734 | 0.3247 | 1.0000 | 0.4376 | 0.3988 | 0.2039 | 0.1927 | 0.3189 | 0.1865 |
| 영원무역홀딩스 | 0.2217 | 0.0758 | 0.3573 | 0.1905 | 0.4376 | 1.0000 | 0.2599 | 0.2222 | 0.1618 | 0.1401 | 0.1478 |
| 삼성물산 | 0.1656 | 0.0917 | 0.3188 | 0.3572 | 0.3988 | 0.2599 | 1.0000 | 0.1968 | 0.1224 | 0.1561 | 0.2629 |
| KT | 0.0042 | 0.0981 | 0.1867 | 0.2209 | 0.2039 | 0.2222 | 0.1968 | 1.0000 | 0.2989 | 0.1655 | 0.0919 |
| LG유플러스 | 0.0798 | 0.0764 | 0.2235 | 0.1507 | 0.1927 | 0.1618 | 0.1224 | 0.2989 | 1.0000 | 0.1774 | 0.1535 |
| 강원랜드 | 0.1225 | 0.1895 | 0.2371 | 0.2658 | 0.3189 | 0.1401 | 0.1561 | 0.1655 | 0.1774 | 1.0000 | 0.2710 |
| LG디스플레이 | 0.1759 | 0.0858 | 0.1531 | 0.1880 | 0.1865 | 0.1478 | 0.2629 | 0.0919 | 0.1535 | 0.2710 | 1.0000 |

## 포트폴리오 VaR (10-day, 99%) — 2025-12-12

- Total portfolio value (used): 13,311,560 KRW
- z-score: 2.33
- Portfolio σ (money, 10d): 750,836 KRW
- **Portfolio VaR (10d, 99%)**: **1,749,448 KRW**
- VaR / Portfolio value: **13.14%** → ✅ 15% 이하

## Top 10 Component VaR

| Rank | Name | Position (KRW) | σ10d | cVaR (KRW) | cVaR/Port | cVaR/Pos | Note |
|---:|---|---:|---:|---:|---:|---:|---|
| 1 | 세아베스틸지주 | 1,432,000 | 0.3172 | 768,882 | 43.95% | 53.69% |  |
| 2 | 영원무역홀딩스 | 3,176,000 | 0.0998 | 472,818 | 27.03% | 14.89% |  |
| 3 | 삼성물산 | 1,530,000 | 0.0860 | 144,798 | 8.28% | 9.46% |  |
| 4 | 현대지에프홀딩스 | 776,700 | 0.0889 | 95,067 | 5.43% | 12.24% |  |
| 5 | 오리온홀딩스 | 774,000 | 0.0577 | 54,063 | 3.09% | 6.98% |  |
| 6 | 동아쏘시오홀딩스 | 1,222,000 | 0.0489 | 48,251 | 2.76% | 3.95% |  |
| 7 | LG디스플레이 | 1,051,680 | 0.0592 | 46,286 | 2.65% | 4.40% |  |
| 8 | 아모레퍼시픽홀딩스 | 493,200 | 0.0745 | 36,779 | 2.10% | 7.46% |  |
| 9 | 강원랜드 | 1,078,800 | 0.0353 | 31,740 | 1.81% | 2.94% |  |
| 10 | LG유플러스 | 935,580 | 0.0461 | 27,394 | 1.57% | 2.93% |  |

- Σ cVaR (all names) = 1,749,448 KRW
