# 포트폴리오 보고서 (기준일: 2026-01-30)

## 요약
- 포트폴리오 **누적 수익률**: **27.70%**  (V₀=11,045,878, Vₜ=14,570,880)
- 포트폴리오 **일일 수익률**: **0.04%**  (공통 거래일: 2026-01-29 → 2026-01-30)
- KOSPI **일일 수익률**: **1.23%**  (비교 기준일: 2025-09-16)
- **초과수익률(일일)**: **-1.19%**

## 개별 종목 현황 (오늘 기준)

| name | code | shares | buy_price | last_date | close_last | r_i_cum | r_i_daily |
|---|---:|---:|---:|---|---:|---:|---:|
| KT | 030200 | 16 | 52,901 | 2026-01-30 | 56,900 | 7.29% | 1.42% |
| LG디스플레이 | 034220 | 84 | 11,940 | 2026-01-30 | 11,670 | -2.29% | -1.19% |
| LG유플러스 | 032640 | 62 | 14,955 | 2026-01-30 | 16,000 | 6.75% | -0.81% |
| 강원랜드 | 035250 | 60 | 18,291 | 2026-01-30 | 17,440 | -4.76% | -1.08% |
| 동아쏘시오홀딩스 | 000640 | 10 | 109,982 | 2026-01-30 | 108,700 | -1.17% | -0.73% |
| 삼성물산 | 028260 | 6 | 173,255 | 2026-01-30 | 301,500 | 55.40% | -0.50% |
| 세아베스틸지주 | 001430 | 32 | 27,976 | 2026-01-30 | 72,800 | 95.64% | -0.41% |
| 아모레퍼시픽홀딩스 | 002790 | 18 | 27,825 | 2026-01-30 | 28,700 | 3.10% | -1.56% |
| 영원무역홀딩스 | 009970 | 16 | 133,954 | 2026-01-30 | 207,000 | 43.52% | 2.69% |
| 오리온홀딩스 | 001800 | 36 | 21,026 | 2026-01-30 | 20,900 | -0.60% | -1.43% |
| 현대지에프홀딩스 | 005440 | 90 | 8,180 | 2026-01-30 | 9,280 | 12.62% | -2.13% |

## Beta (1Y, 일간 로그수익률)
- 기준일: **2026-01-30**, 윈도우: **2025-01-30 ~ 2026-01-30**

### 포트폴리오 Beta
- 관측치 수: **155**  (공통 거래일 기준)
- 기간: **2025-02-03 ~ 2025-09-16**
- **Beta (직접법)**: **0.6691**

### 개별 종목 Beta
| name | code | n | period | beta |
|---|---:|---:|---|---:|
| KT | 030200 | 156 | 2025-01-31 ~ 2025-09-16 | 0.2835 |
| LG디스플레이 | 034220 | 156 | 2025-01-31 ~ 2025-09-16 | 1.2868 |
| LG유플러스 | 032640 | 156 | 2025-01-31 ~ 2025-09-16 | 0.2128 |
| 강원랜드 | 035250 | 156 | 2025-01-31 ~ 2025-09-16 | 0.3891 |
| 동아쏘시오홀딩스 | 000640 | 156 | 2025-01-31 ~ 2025-09-16 | 0.2775 |
| 삼성물산 | 028260 | 156 | 2025-01-31 ~ 2025-09-16 | 0.9759 |
| 세아베스틸지주 | 001430 | 156 | 2025-01-31 ~ 2025-09-16 | 0.6900 |
| 아모레퍼시픽홀딩스 | 002790 | 156 | 2025-01-31 ~ 2025-09-16 | 0.8359 |
| 영원무역홀딩스 | 009970 | 156 | 2025-01-31 ~ 2025-09-16 | 0.8178 |
| 오리온홀딩스 | 001800 | 156 | 2025-01-31 ~ 2025-09-16 | 0.7879 |
| 현대지에프홀딩스 | 005440 | 156 | 2025-01-31 ~ 2025-09-16 | 0.8781 |

## EWMA Vol (1Y, λ=0.94, Daily)
- 기준일: **2026-01-30**, 윈도우: **2025-01-30 ~ 2026-01-30**
- 결과는 **일간 표준편차(σ)**이며 **연간화하지 않음**

| name | code | n | period | ewma_sigma_daily |
|---|---:|---:|---|---:|
| KT | 030200 | 246 | 2025-01-31 ~ 2026-01-30 | 0.014099 |
| LG디스플레이 | 034220 | 246 | 2025-01-31 ~ 2026-01-30 | 0.019272 |
| LG유플러스 | 032640 | 246 | 2025-01-31 ~ 2026-01-30 | 0.021024 |
| 강원랜드 | 035250 | 246 | 2025-01-31 ~ 2026-01-30 | 0.010248 |
| 동아쏘시오홀딩스 | 000640 | 246 | 2025-01-31 ~ 2026-01-30 | 0.014749 |
| 삼성물산 | 028260 | 246 | 2025-01-31 ~ 2026-01-30 | 0.019800 |
| 세아베스틸지주 | 001430 | 246 | 2025-01-31 ~ 2026-01-30 | 0.056801 |
| 아모레퍼시픽홀딩스 | 002790 | 246 | 2025-01-31 ~ 2026-01-30 | 0.025966 |
| 영원무역홀딩스 | 009970 | 246 | 2025-01-31 ~ 2026-01-30 | 0.025599 |
| 오리온홀딩스 | 001800 | 246 | 2025-01-31 ~ 2026-01-30 | 0.016060 |
| 현대지에프홀딩스 | 005440 | 246 | 2025-01-31 ~ 2026-01-30 | 0.025677 |
## 종목 간 상관관계 (1년)

- 기준일: 2026-01-30  | 기간: 2025-01-30 ~ 2026-01-30


| name | 동아쏘시오홀딩스 | 세아베스틸지주 | 오리온홀딩스 | 아모레퍼시픽홀딩스 | 현대지에프홀딩스 | 영원무역홀딩스 | 삼성물산 | KT | LG유플러스 | 강원랜드 | LG디스플레이 |
|---|---:|---:|---:|---:|---:|---:|---:|---:|---:|---:|---:|
| 동아쏘시오홀딩스 | 1.0000 | 0.0705 | 0.3392 | 0.2043 | 0.3688 | 0.2144 | 0.1679 | 0.0928 | 0.1482 | 0.1819 | 0.2081 |
| 세아베스틸지주 | 0.0705 | 1.0000 | 0.1361 | 0.1937 | 0.1295 | 0.0921 | 0.0659 | 0.0127 | 0.0338 | 0.1125 | 0.0194 |
| 오리온홀딩스 | 0.3392 | 0.1361 | 1.0000 | 0.3668 | 0.5740 | 0.3599 | 0.3115 | 0.2087 | 0.2402 | 0.2317 | 0.1374 |
| 아모레퍼시픽홀딩스 | 0.2043 | 0.1937 | 0.3668 | 1.0000 | 0.3235 | 0.1672 | 0.3178 | 0.1576 | 0.1278 | 0.2196 | 0.1483 |
| 현대지에프홀딩스 | 0.3688 | 0.1295 | 0.5740 | 0.3235 | 1.0000 | 0.4173 | 0.3792 | 0.2210 | 0.2034 | 0.3169 | 0.1579 |
| 영원무역홀딩스 | 0.2144 | 0.0921 | 0.3599 | 0.1672 | 0.4173 | 1.0000 | 0.2711 | 0.2343 | 0.1737 | 0.1733 | 0.1210 |
| 삼성물산 | 0.1679 | 0.0659 | 0.3115 | 0.3178 | 0.3792 | 0.2711 | 1.0000 | 0.2127 | 0.1075 | 0.1216 | 0.2442 |
| KT | 0.0928 | 0.0127 | 0.2087 | 0.1576 | 0.2210 | 0.2343 | 0.2127 | 1.0000 | 0.3153 | 0.1953 | 0.0816 |
| LG유플러스 | 0.1482 | 0.0338 | 0.2402 | 0.1278 | 0.2034 | 0.1737 | 0.1075 | 0.3153 | 1.0000 | 0.2156 | 0.1410 |
| 강원랜드 | 0.1819 | 0.1125 | 0.2317 | 0.2196 | 0.3169 | 0.1733 | 0.1216 | 0.1953 | 0.2156 | 1.0000 | 0.2305 |
| LG디스플레이 | 0.2081 | 0.0194 | 0.1374 | 0.1483 | 0.1579 | 0.1210 | 0.2442 | 0.0816 | 0.1410 | 0.2305 | 1.0000 |

## 포트폴리오 VaR (10-day, 99%) — 2026-01-30

- Total portfolio value (used): 14,570,880 KRW
- z-score: 2.33
- Portfolio σ (money, 10d): 688,812 KRW
- **Portfolio VaR (10d, 99%)**: **1,604,933 KRW**
- VaR / Portfolio value: **11.01%** → ✅ 15% 이하

## Top 10 Component VaR

| Rank | Name | Position (KRW) | σ10d | cVaR (KRW) | cVaR/Port | cVaR/Pos | Note |
|---:|---|---:|---:|---:|---:|---:|---|
| 1 | 세아베스틸지주 | 2,329,600 | 0.2051 | 872,238 | 54.35% | 37.44% |  |
| 2 | 영원무역홀딩스 | 3,312,000 | 0.0703 | 311,957 | 19.44% | 9.42% |  |
| 3 | 삼성물산 | 1,809,000 | 0.0583 | 103,514 | 6.45% | 5.72% |  |
| 4 | 현대지에프홀딩스 | 835,200 | 0.0830 | 84,644 | 5.27% | 10.13% |  |
| 5 | 오리온홀딩스 | 752,400 | 0.0494 | 41,198 | 2.57% | 5.48% |  |
| 6 | 아모레퍼시픽홀딩스 | 516,600 | 0.0815 | 40,150 | 2.50% | 7.77% |  |
| 7 | 동아쏘시오홀딩스 | 1,087,000 | 0.0474 | 39,745 | 2.48% | 3.66% |  |
| 8 | LG유플러스 | 992,000 | 0.0561 | 34,862 | 2.17% | 3.51% |  |
| 9 | 강원랜드 | 1,046,400 | 0.0356 | 28,181 | 1.76% | 2.69% |  |
| 10 | LG디스플레이 | 980,280 | 0.0508 | 27,801 | 1.73% | 2.84% |  |

- Σ cVaR (all names) = 1,604,933 KRW
