# 포트폴리오 보고서 (기준일: 2025-11-24)

## 요약
- 포트폴리오 **누적 수익률**: **7.38%**  (V₀=11,045,878, Vₜ=11,891,680)
- 포트폴리오 **일일 수익률**: **0.62%**  (공통 거래일: 2025-11-21 → 2025-11-24)
- KOSPI **일일 수익률**: **-0.19%**  (비교 기준일: 2025-11-24)
- **초과수익률(일일)**: **0.81%**

## 개별 종목 현황 (오늘 기준)

| name | code | shares | buy_price | last_date | close_last | r_i_cum | r_i_daily |
|---|---:|---:|---:|---|---:|---:|---:|
| KT | 030200 | 16 | 52,901 | 2025-11-24 | 50,100 | -5.44% | 0.40% |
| LG디스플레이 | 034220 | 84 | 11,940 | 2025-11-24 | 12,220 | 2.32% | 0.57% |
| LG유플러스 | 032640 | 62 | 14,955 | 2025-11-24 | 15,930 | 6.32% | 2.09% |
| 강원랜드 | 035250 | 60 | 18,291 | 2025-11-24 | 17,920 | -2.05% | 1.12% |
| 동아쏘시오홀딩스 | 000640 | 10 | 109,982 | 2025-11-24 | 110,200 | 0.20% | 3.89% |
| 삼성물산 | 028260 | 6 | 173,255 | 2025-11-24 | 218,000 | 22.97% | 0.92% |
| 세아베스틸지주 | 001430 | 32 | 27,976 | 2025-11-24 | 26,350 | -5.99% | -0.57% |
| 아모레퍼시픽홀딩스 | 002790 | 18 | 27,825 | 2025-11-24 | 29,700 | 6.52% | -2.49% |
| 영원무역홀딩스 | 009970 | 16 | 133,954 | 2025-11-24 | 173,500 | 25.87% | 0.52% |
| 오리온홀딩스 | 001800 | 36 | 21,026 | 2025-11-24 | 19,690 | -6.56% | -0.66% |
| 현대지에프홀딩스 | 005440 | 90 | 8,180 | 2025-11-24 | 8,090 | -1.11% | -1.84% |

## Beta (1Y, 일간 로그수익률)
- 기준일: **2025-11-24**, 윈도우: **2024-11-24 ~ 2025-11-24**

### 포트폴리오 Beta
- 관측치 수: **241**  (공통 거래일 기준)
- 기간: **2024-11-26 ~ 2025-11-24**
- **Beta (직접법)**: **0.5726**

### 개별 종목 Beta
| name | code | n | period | beta |
|---|---:|---:|---|---:|
| KT | 030200 | 242 | 2024-11-25 ~ 2025-11-24 | 0.2602 |
| LG디스플레이 | 034220 | 242 | 2024-11-25 ~ 2025-11-24 | 1.1480 |
| LG유플러스 | 032640 | 242 | 2024-11-25 ~ 2025-11-24 | 0.1978 |
| 강원랜드 | 035250 | 242 | 2024-11-25 ~ 2025-11-24 | 0.3414 |
| 동아쏘시오홀딩스 | 000640 | 242 | 2024-11-25 ~ 2025-11-24 | 0.2245 |
| 삼성물산 | 028260 | 242 | 2024-11-25 ~ 2025-11-24 | 1.0647 |
| 세아베스틸지주 | 001430 | 242 | 2024-11-25 ~ 2025-11-24 | 0.5669 |
| 아모레퍼시픽홀딩스 | 002790 | 242 | 2024-11-25 ~ 2025-11-24 | 0.7311 |
| 영원무역홀딩스 | 009970 | 242 | 2024-11-25 ~ 2025-11-24 | 0.5202 |
| 오리온홀딩스 | 001800 | 242 | 2024-11-25 ~ 2025-11-24 | 0.6290 |
| 현대지에프홀딩스 | 005440 | 242 | 2024-11-25 ~ 2025-11-24 | 0.7937 |

## EWMA Vol (1Y, λ=0.94, Daily)
- 기준일: **2025-11-24**, 윈도우: **2024-11-24 ~ 2025-11-24**
- 결과는 **일간 표준편차(σ)**이며 **연간화하지 않음**

| name | code | n | period | ewma_sigma_daily |
|---|---:|---:|---|---:|
| KT | 030200 | 242 | 2024-11-25 ~ 2025-11-24 | 0.011827 |
| LG디스플레이 | 034220 | 242 | 2024-11-25 ~ 2025-11-24 | 0.029230 |
| LG유플러스 | 032640 | 242 | 2024-11-25 ~ 2025-11-24 | 0.020365 |
| 강원랜드 | 035250 | 242 | 2024-11-25 ~ 2025-11-24 | 0.010727 |
| 동아쏘시오홀딩스 | 000640 | 242 | 2024-11-25 ~ 2025-11-24 | 0.017767 |
| 삼성물산 | 028260 | 242 | 2024-11-25 ~ 2025-11-24 | 0.029596 |
| 세아베스틸지주 | 001430 | 242 | 2024-11-25 ~ 2025-11-24 | 0.028590 |
| 아모레퍼시픽홀딩스 | 002790 | 242 | 2024-11-25 ~ 2025-11-24 | 0.031103 |
| 영원무역홀딩스 | 009970 | 242 | 2024-11-25 ~ 2025-11-24 | 0.032871 |
| 오리온홀딩스 | 001800 | 242 | 2024-11-25 ~ 2025-11-24 | 0.018360 |
| 현대지에프홀딩스 | 005440 | 242 | 2024-11-25 ~ 2025-11-24 | 0.031389 |
## 종목 간 상관관계 (1년)

- 기준일: 2025-11-24  | 기간: 2024-11-24 ~ 2025-11-24


| name | 동아쏘시오홀딩스 | 세아베스틸지주 | 오리온홀딩스 | 아모레퍼시픽홀딩스 | 현대지에프홀딩스 | 영원무역홀딩스 | 삼성물산 | KT | LG유플러스 | 강원랜드 | LG디스플레이 |
|---|---:|---:|---:|---:|---:|---:|---:|---:|---:|---:|---:|
| 동아쏘시오홀딩스 | 1.0000 | 0.1861 | 0.3129 | 0.1924 | 0.3253 | 0.2348 | 0.1784 | 0.0332 | 0.1121 | 0.1633 | 0.1931 |
| 세아베스틸지주 | 0.1861 | 1.0000 | 0.2289 | 0.2947 | 0.2698 | 0.1734 | 0.0894 | 0.1050 | 0.1285 | 0.3117 | 0.1423 |
| 오리온홀딩스 | 0.3129 | 0.2289 | 1.0000 | 0.3927 | 0.5598 | 0.3831 | 0.3389 | 0.1809 | 0.2416 | 0.2549 | 0.1718 |
| 아모레퍼시픽홀딩스 | 0.1924 | 0.2947 | 0.3927 | 1.0000 | 0.3216 | 0.2196 | 0.3831 | 0.2155 | 0.1572 | 0.2951 | 0.2260 |
| 현대지에프홀딩스 | 0.3253 | 0.2698 | 0.5598 | 0.3216 | 1.0000 | 0.4416 | 0.4113 | 0.2444 | 0.2067 | 0.3314 | 0.1973 |
| 영원무역홀딩스 | 0.2348 | 0.1734 | 0.3831 | 0.2196 | 0.4416 | 1.0000 | 0.2608 | 0.2623 | 0.1901 | 0.1766 | 0.1498 |
| 삼성물산 | 0.1784 | 0.0894 | 0.3389 | 0.3831 | 0.4113 | 0.2608 | 1.0000 | 0.1830 | 0.1716 | 0.1964 | 0.2858 |
| KT | 0.0332 | 0.1050 | 0.1809 | 0.2155 | 0.2444 | 0.2623 | 0.1830 | 1.0000 | 0.3199 | 0.1977 | 0.0749 |
| LG유플러스 | 0.1121 | 0.1285 | 0.2416 | 0.1572 | 0.2067 | 0.1901 | 0.1716 | 0.3199 | 1.0000 | 0.2108 | 0.1772 |
| 강원랜드 | 0.1633 | 0.3117 | 0.2549 | 0.2951 | 0.3314 | 0.1766 | 0.1964 | 0.1977 | 0.2108 | 1.0000 | 0.2930 |
| LG디스플레이 | 0.1931 | 0.1423 | 0.1718 | 0.2260 | 0.1973 | 0.1498 | 0.2858 | 0.0749 | 0.1772 | 0.2930 | 1.0000 |

## 포트폴리오 VaR (10-day, 99%) — 2025-11-24

- Total portfolio value (used): 11,891,680 KRW
- z-score: 2.33
- Portfolio σ (money, 10d): 523,847 KRW
- **Portfolio VaR (10d, 99%)**: **1,220,563 KRW**
- VaR / Portfolio value: **10.26%** → ✅ 15% 이하

## Top 10 Component VaR

| Rank | Name | Position (KRW) | σ10d | cVaR (KRW) | cVaR/Port | cVaR/Pos | Note |
|---:|---|---:|---:|---:|---:|---:|---|
| 1 | 영원무역홀딩스 | 2,776,000 | 0.0938 | 480,264 | 39.35% | 17.30% |  |
| 2 | 삼성물산 | 1,308,000 | 0.0865 | 154,723 | 12.68% | 11.83% |  |
| 3 | 현대지에프홀딩스 | 728,100 | 0.1011 | 118,967 | 9.75% | 16.34% |  |
| 4 | 세아베스틸지주 | 843,200 | 0.1046 | 90,923 | 7.45% | 10.78% |  |
| 5 | LG디스플레이 | 1,026,480 | 0.0757 | 79,303 | 6.50% | 7.73% |  |
| 6 | 아모레퍼시픽홀딩스 | 534,600 | 0.0970 | 62,931 | 5.16% | 11.77% |  |
| 7 | 동아쏘시오홀딩스 | 1,102,000 | 0.0522 | 59,067 | 4.84% | 5.36% |  |
| 8 | 오리온홀딩스 | 708,840 | 0.0575 | 58,057 | 4.76% | 8.19% |  |
| 9 | LG유플러스 | 987,660 | 0.0593 | 54,298 | 4.45% | 5.50% |  |
| 10 | 강원랜드 | 1,075,200 | 0.0356 | 39,763 | 3.26% | 3.70% |  |

- Σ cVaR (all names) = 1,220,563 KRW
