# 포트폴리오 보고서 (기준일: 2025-11-19)

## 요약
- 포트폴리오 **누적 수익률**: **6.94%**  (V₀=11,045,878, Vₜ=11,839,180)
- 포트폴리오 **일일 수익률**: **1.84%**  (공통 거래일: 2025-11-18 → 2025-11-19)
- KOSPI **일일 수익률**: **-0.61%**  (비교 기준일: 2025-11-19)
- **초과수익률(일일)**: **2.46%**

## 개별 종목 현황 (오늘 기준)

| name | code | shares | buy_price | last_date | close_last | r_i_cum | r_i_daily |
|---|---:|---:|---:|---|---:|---:|---:|
| KT | 030200 | 16 | 52,901 | 2025-11-19 | 49,600 | -6.44% | 0.81% |
| LG디스플레이 | 034220 | 84 | 11,940 | 2025-11-19 | 12,380 | 3.62% | 2.04% |
| LG유플러스 | 032640 | 62 | 14,955 | 2025-11-19 | 15,640 | 4.48% | 3.38% |
| 강원랜드 | 035250 | 60 | 18,291 | 2025-11-19 | 17,560 | -4.08% | 0.97% |
| 동아쏘시오홀딩스 | 000640 | 10 | 109,982 | 2025-11-19 | 108,300 | -1.54% | 1.02% |
| 삼성물산 | 028260 | 6 | 173,255 | 2025-11-19 | 213,000 | 20.65% | -0.70% |
| 세아베스틸지주 | 001430 | 32 | 27,976 | 2025-11-19 | 26,400 | -5.80% | -1.32% |
| 아모레퍼시픽홀딩스 | 002790 | 18 | 27,825 | 2025-11-19 | 29,550 | 6.01% | 9.21% |
| 영원무역홀딩스 | 009970 | 16 | 133,954 | 2025-11-19 | 175,000 | 26.73% | 3.67% |
| 오리온홀딩스 | 001800 | 36 | 21,026 | 2025-11-19 | 19,780 | -6.11% | 1.27% |
| 현대지에프홀딩스 | 005440 | 90 | 8,180 | 2025-11-19 | 8,140 | -0.49% | -0.12% |

## Beta (1Y, 일간 로그수익률)
- 기준일: **2025-11-19**, 윈도우: **2024-11-19 ~ 2025-11-19**

### 포트폴리오 Beta
- 관측치 수: **242**  (공통 거래일 기준)
- 기간: **2024-11-20 ~ 2025-11-19**
- **Beta (직접법)**: **0.5800**

### 개별 종목 Beta
| name | code | n | period | beta |
|---|---:|---:|---|---:|
| KT | 030200 | 243 | 2024-11-19 ~ 2025-11-19 | 0.2882 |
| LG디스플레이 | 034220 | 243 | 2024-11-19 ~ 2025-11-19 | 1.1654 |
| LG유플러스 | 032640 | 243 | 2024-11-19 ~ 2025-11-19 | 0.1956 |
| 강원랜드 | 035250 | 243 | 2024-11-19 ~ 2025-11-19 | 0.3610 |
| 동아쏘시오홀딩스 | 000640 | 243 | 2024-11-19 ~ 2025-11-19 | 0.2112 |
| 삼성물산 | 028260 | 243 | 2024-11-19 ~ 2025-11-19 | 1.0586 |
| 세아베스틸지주 | 001430 | 243 | 2024-11-19 ~ 2025-11-19 | 0.5646 |
| 아모레퍼시픽홀딩스 | 002790 | 243 | 2024-11-19 ~ 2025-11-19 | 0.7276 |
| 영원무역홀딩스 | 009970 | 243 | 2024-11-19 ~ 2025-11-19 | 0.5512 |
| 오리온홀딩스 | 001800 | 243 | 2024-11-19 ~ 2025-11-19 | 0.6536 |
| 현대지에프홀딩스 | 005440 | 243 | 2024-11-19 ~ 2025-11-19 | 0.7864 |

## EWMA Vol (1Y, λ=0.94, Daily)
- 기준일: **2025-11-19**, 윈도우: **2024-11-19 ~ 2025-11-19**
- 결과는 **일간 표준편차(σ)**이며 **연간화하지 않음**

| name | code | n | period | ewma_sigma_daily |
|---|---:|---:|---|---:|
| KT | 030200 | 243 | 2024-11-19 ~ 2025-11-19 | 0.012448 |
| LG디스플레이 | 034220 | 243 | 2024-11-19 ~ 2025-11-19 | 0.031074 |
| LG유플러스 | 032640 | 243 | 2024-11-19 ~ 2025-11-19 | 0.021299 |
| 강원랜드 | 035250 | 243 | 2024-11-19 ~ 2025-11-19 | 0.011255 |
| 동아쏘시오홀딩스 | 000640 | 243 | 2024-11-19 ~ 2025-11-19 | 0.014949 |
| 삼성물산 | 028260 | 243 | 2024-11-19 ~ 2025-11-19 | 0.028228 |
| 세아베스틸지주 | 001430 | 243 | 2024-11-19 ~ 2025-11-19 | 0.030853 |
| 아모레퍼시픽홀딩스 | 002790 | 243 | 2024-11-19 ~ 2025-11-19 | 0.031065 |
| 영원무역홀딩스 | 009970 | 243 | 2024-11-19 ~ 2025-11-19 | 0.035785 |
| 오리온홀딩스 | 001800 | 243 | 2024-11-19 ~ 2025-11-19 | 0.020044 |
| 현대지에프홀딩스 | 005440 | 243 | 2024-11-19 ~ 2025-11-19 | 0.032237 |
## 종목 간 상관관계 (1년)

- 기준일: 2025-11-19  | 기간: 2024-11-19 ~ 2025-11-19


| name | 동아쏘시오홀딩스 | 세아베스틸지주 | 오리온홀딩스 | 아모레퍼시픽홀딩스 | 현대지에프홀딩스 | 영원무역홀딩스 | 삼성물산 | KT | LG유플러스 | 강원랜드 | LG디스플레이 |
|---|---:|---:|---:|---:|---:|---:|---:|---:|---:|---:|---:|
| 동아쏘시오홀딩스 | 1.0000 | 0.1933 | 0.3182 | 0.2026 | 0.3244 | 0.2448 | 0.1717 | 0.0292 | 0.0803 | 0.1569 | 0.1878 |
| 세아베스틸지주 | 0.1933 | 1.0000 | 0.2167 | 0.2897 | 0.2614 | 0.1745 | 0.0802 | 0.0771 | 0.0906 | 0.3001 | 0.1438 |
| 오리온홀딩스 | 0.3182 | 0.2167 | 1.0000 | 0.3920 | 0.5572 | 0.3862 | 0.3426 | 0.1895 | 0.2465 | 0.2587 | 0.1694 |
| 아모레퍼시픽홀딩스 | 0.2026 | 0.2897 | 0.3920 | 1.0000 | 0.3071 | 0.2307 | 0.3732 | 0.2182 | 0.1499 | 0.2995 | 0.2244 |
| 현대지에프홀딩스 | 0.3244 | 0.2614 | 0.5572 | 0.3071 | 1.0000 | 0.4421 | 0.3987 | 0.2480 | 0.2062 | 0.3360 | 0.1942 |
| 영원무역홀딩스 | 0.2448 | 0.1745 | 0.3862 | 0.2307 | 0.4421 | 1.0000 | 0.2752 | 0.2586 | 0.1818 | 0.1767 | 0.1502 |
| 삼성물산 | 0.1717 | 0.0802 | 0.3426 | 0.3732 | 0.3987 | 0.2752 | 1.0000 | 0.1927 | 0.1573 | 0.1972 | 0.2795 |
| KT | 0.0292 | 0.0771 | 0.1895 | 0.2182 | 0.2480 | 0.2586 | 0.1927 | 1.0000 | 0.3450 | 0.2031 | 0.0720 |
| LG유플러스 | 0.0803 | 0.0906 | 0.2465 | 0.1499 | 0.2062 | 0.1818 | 0.1573 | 0.3450 | 1.0000 | 0.2145 | 0.1640 |
| 강원랜드 | 0.1569 | 0.3001 | 0.2587 | 0.2995 | 0.3360 | 0.1767 | 0.1972 | 0.2031 | 0.2145 | 1.0000 | 0.2923 |
| LG디스플레이 | 0.1878 | 0.1438 | 0.1694 | 0.2244 | 0.1942 | 0.1502 | 0.2795 | 0.0720 | 0.1640 | 0.2923 | 1.0000 |

## 포트폴리오 VaR (10-day, 99%) — 2025-11-19

- Total portfolio value (used): 11,839,180 KRW
- z-score: 2.33
- Portfolio σ (money, 10d): 554,393 KRW
- **Portfolio VaR (10d, 99%)**: **1,291,736 KRW**
- VaR / Portfolio value: **10.91%** → ✅ 15% 이하

## Top 10 Component VaR

| Rank | Name | Position (KRW) | σ10d | cVaR (KRW) | cVaR/Port | cVaR/Pos | Note |
|---:|---|---:|---:|---:|---:|---:|---|
| 1 | 영원무역홀딩스 | 2,800,000 | 0.1034 | 547,050 | 42.35% | 19.54% |  |
| 2 | 삼성물산 | 1,278,000 | 0.0839 | 142,092 | 11.00% | 11.12% |  |
| 3 | 현대지에프홀딩스 | 732,600 | 0.1044 | 121,850 | 9.43% | 16.63% |  |
| 4 | 세아베스틸지주 | 844,800 | 0.1134 | 97,035 | 7.51% | 11.49% |  |
| 5 | LG디스플레이 | 1,039,920 | 0.0803 | 83,715 | 6.48% | 8.05% |  |
| 6 | 오리온홀딩스 | 712,080 | 0.0625 | 63,356 | 4.90% | 8.90% |  |
| 7 | 아모레퍼시픽홀딩스 | 531,900 | 0.0968 | 61,402 | 4.75% | 11.54% |  |
| 8 | LG유플러스 | 969,680 | 0.0685 | 60,137 | 4.66% | 6.20% |  |
| 9 | 동아쏘시오홀딩스 | 1,083,000 | 0.0454 | 48,489 | 3.75% | 4.48% |  |
| 10 | 강원랜드 | 1,053,600 | 0.0374 | 40,652 | 3.15% | 3.86% |  |

- Σ cVaR (all names) = 1,291,736 KRW
