# 포트폴리오 보고서 (기준일: 2025-11-10)

## 요약
- 포트폴리오 **누적 수익률**: **5.66%**  (V₀=11,045,878, Vₜ=11,689,140)
- 포트폴리오 **일일 수익률**: **3.49%**  (공통 거래일: 2025-11-07 → 2025-11-10)
- KOSPI **일일 수익률**: **2.98%**  (비교 기준일: 2025-11-10)
- **초과수익률(일일)**: **0.52%**

## 개별 종목 현황 (오늘 기준)

| name | code | shares | buy_price | last_date | close_last | r_i_cum | r_i_daily |
|---|---:|---:|---:|---|---:|---:|---:|
| KT | 030200 | 16 | 52,901 | 2025-11-10 | 48,700 | -8.27% | 0.93% |
| LG디스플레이 | 034220 | 84 | 11,940 | 2025-11-10 | 13,730 | 13.97% | 2.36% |
| LG유플러스 | 032640 | 62 | 14,955 | 2025-11-10 | 16,210 | 8.06% | 3.13% |
| 강원랜드 | 035250 | 60 | 18,291 | 2025-11-10 | 17,240 | -5.92% | 2.35% |
| 동아쏘시오홀딩스 | 000640 | 10 | 109,982 | 2025-11-10 | 105,800 | -3.88% | 0.09% |
| 삼성물산 | 028260 | 6 | 173,255 | 2025-11-10 | 224,500 | 25.91% | 4.79% |
| 세아베스틸지주 | 001430 | 32 | 27,976 | 2025-11-10 | 27,650 | -1.17% | 5.39% |
| 아모레퍼시픽홀딩스 | 002790 | 18 | 27,825 | 2025-11-10 | 27,900 | 0.27% | 4.77% |
| 영원무역홀딩스 | 009970 | 16 | 133,954 | 2025-11-10 | 152,400 | 12.90% | 3.74% |
| 오리온홀딩스 | 001800 | 36 | 21,026 | 2025-11-10 | 20,200 | -4.01% | 5.55% |
| 현대지에프홀딩스 | 005440 | 90 | 8,180 | 2025-11-10 | 8,440 | 3.13% | 6.74% |

## Beta (1Y, 일간 로그수익률)
- 기준일: **2025-11-10**, 윈도우: **2024-11-10 ~ 2025-11-10**

### 포트폴리오 Beta
- 관측치 수: **241**  (공통 거래일 기준)
- 기간: **2024-11-12 ~ 2025-11-10**
- **Beta (직접법)**: **0.6138**

### 개별 종목 Beta
| name | code | n | period | beta |
|---|---:|---:|---|---:|
| KT | 030200 | 242 | 2024-11-11 ~ 2025-11-10 | 0.2779 |
| LG디스플레이 | 034220 | 242 | 2024-11-11 ~ 2025-11-10 | 1.1841 |
| LG유플러스 | 032640 | 242 | 2024-11-11 ~ 2025-11-10 | 0.2061 |
| 강원랜드 | 035250 | 242 | 2024-11-11 ~ 2025-11-10 | 0.3860 |
| 동아쏘시오홀딩스 | 000640 | 242 | 2024-11-11 ~ 2025-11-10 | 0.2367 |
| 삼성물산 | 028260 | 242 | 2024-11-11 ~ 2025-11-10 | 1.0984 |
| 세아베스틸지주 | 001430 | 242 | 2024-11-11 ~ 2025-11-10 | 0.5881 |
| 아모레퍼시픽홀딩스 | 002790 | 242 | 2024-11-11 ~ 2025-11-10 | 0.7723 |
| 영원무역홀딩스 | 009970 | 242 | 2024-11-11 ~ 2025-11-10 | 0.6361 |
| 오리온홀딩스 | 001800 | 242 | 2024-11-11 ~ 2025-11-10 | 0.6505 |
| 현대지에프홀딩스 | 005440 | 242 | 2024-11-11 ~ 2025-11-10 | 0.7900 |

## EWMA Vol (1Y, λ=0.94, Daily)
- 기준일: **2025-11-10**, 윈도우: **2024-11-10 ~ 2025-11-10**
- 결과는 **일간 표준편차(σ)**이며 **연간화하지 않음**

| name | code | n | period | ewma_sigma_daily |
|---|---:|---:|---|---:|
| KT | 030200 | 242 | 2024-11-11 ~ 2025-11-10 | 0.012170 |
| LG디스플레이 | 034220 | 242 | 2024-11-11 ~ 2025-11-10 | 0.031803 |
| LG유플러스 | 032640 | 242 | 2024-11-11 ~ 2025-11-10 | 0.020522 |
| 강원랜드 | 035250 | 242 | 2024-11-11 ~ 2025-11-10 | 0.010911 |
| 동아쏘시오홀딩스 | 000640 | 242 | 2024-11-11 ~ 2025-11-10 | 0.016110 |
| 삼성물산 | 028260 | 242 | 2024-11-11 ~ 2025-11-10 | 0.032847 |
| 세아베스틸지주 | 001430 | 242 | 2024-11-11 ~ 2025-11-10 | 0.031167 |
| 아모레퍼시픽홀딩스 | 002790 | 242 | 2024-11-11 ~ 2025-11-10 | 0.023405 |
| 영원무역홀딩스 | 009970 | 242 | 2024-11-11 ~ 2025-11-10 | 0.040007 |
| 오리온홀딩스 | 001800 | 242 | 2024-11-11 ~ 2025-11-10 | 0.018796 |
| 현대지에프홀딩스 | 005440 | 242 | 2024-11-11 ~ 2025-11-10 | 0.034383 |
## 종목 간 상관관계 (1년)

- 기준일: 2025-11-10  | 기간: 2024-11-10 ~ 2025-11-10


| name | 동아쏘시오홀딩스 | 세아베스틸지주 | 오리온홀딩스 | 아모레퍼시픽홀딩스 | 현대지에프홀딩스 | 영원무역홀딩스 | 삼성물산 | KT | LG유플러스 | 강원랜드 | LG디스플레이 |
|---|---:|---:|---:|---:|---:|---:|---:|---:|---:|---:|---:|
| 동아쏘시오홀딩스 | 1.0000 | 0.1821 | 0.3069 | 0.1982 | 0.3274 | 0.2510 | 0.1673 | 0.0260 | 0.0785 | 0.1544 | 0.1903 |
| 세아베스틸지주 | 0.1821 | 1.0000 | 0.2128 | 0.2853 | 0.2507 | 0.1979 | 0.0785 | 0.0783 | 0.0944 | 0.2944 | 0.1412 |
| 오리온홀딩스 | 0.3069 | 0.2128 | 1.0000 | 0.3828 | 0.5522 | 0.4058 | 0.3332 | 0.1679 | 0.2376 | 0.2459 | 0.1646 |
| 아모레퍼시픽홀딩스 | 0.1982 | 0.2853 | 0.3828 | 1.0000 | 0.3200 | 0.2302 | 0.3920 | 0.1591 | 0.0946 | 0.2880 | 0.2155 |
| 현대지에프홀딩스 | 0.3274 | 0.2507 | 0.5522 | 0.3200 | 1.0000 | 0.4781 | 0.3842 | 0.2205 | 0.2089 | 0.3306 | 0.1884 |
| 영원무역홀딩스 | 0.2510 | 0.1979 | 0.4058 | 0.2302 | 0.4781 | 1.0000 | 0.3037 | 0.2309 | 0.1812 | 0.1852 | 0.1707 |
| 삼성물산 | 0.1673 | 0.0785 | 0.3332 | 0.3920 | 0.3842 | 0.3037 | 1.0000 | 0.1813 | 0.1565 | 0.1987 | 0.2736 |
| KT | 0.0260 | 0.0783 | 0.1679 | 0.1591 | 0.2205 | 0.2309 | 0.1813 | 1.0000 | 0.3609 | 0.1912 | 0.0484 |
| LG유플러스 | 0.0785 | 0.0944 | 0.2376 | 0.0946 | 0.2089 | 0.1812 | 0.1565 | 0.3609 | 1.0000 | 0.2204 | 0.1414 |
| 강원랜드 | 0.1544 | 0.2944 | 0.2459 | 0.2880 | 0.3306 | 0.1852 | 0.1987 | 0.1912 | 0.2204 | 1.0000 | 0.2995 |
| LG디스플레이 | 0.1903 | 0.1412 | 0.1646 | 0.2155 | 0.1884 | 0.1707 | 0.2736 | 0.0484 | 0.1414 | 0.2995 | 1.0000 |

## 포트폴리오 VaR (10-day, 99%) — 2025-11-10

- Total portfolio value (used): 11,689,140 KRW
- z-score: 2.33
- Portfolio σ (money, 10d): 558,402 KRW
- **Portfolio VaR (10d, 99%)**: **1,301,076 KRW**
- VaR / Portfolio value: **11.13%** → ✅ 15% 이하

## Top 10 Component VaR

| Rank | Name | Position (KRW) | σ10d | cVaR (KRW) | cVaR/Port | cVaR/Pos | Note |
|---:|---|---:|---:|---:|---:|---:|---|
| 1 | 영원무역홀딩스 | 2,438,400 | 0.1096 | 500,027 | 38.43% | 20.51% |  |
| 2 | 삼성물산 | 1,347,000 | 0.0962 | 182,561 | 14.03% | 13.55% |  |
| 3 | 현대지에프홀딩스 | 759,600 | 0.1129 | 140,299 | 10.78% | 18.47% |  |
| 4 | 세아베스틸지주 | 884,800 | 0.1123 | 102,086 | 7.85% | 11.54% |  |
| 5 | LG디스플레이 | 1,153,320 | 0.0782 | 93,953 | 7.22% | 8.15% |  |
| 6 | LG유플러스 | 1,005,020 | 0.0696 | 62,726 | 4.82% | 6.24% |  |
| 7 | 오리온홀딩스 | 727,200 | 0.0598 | 61,729 | 4.74% | 8.49% |  |
| 8 | 동아쏘시오홀딩스 | 1,058,000 | 0.0516 | 54,596 | 4.20% | 5.16% |  |
| 9 | 아모레퍼시픽홀딩스 | 502,200 | 0.0753 | 43,315 | 3.33% | 8.63% |  |
| 10 | 강원랜드 | 1,034,400 | 0.0361 | 38,644 | 2.97% | 3.74% |  |

- Σ cVaR (all names) = 1,301,076 KRW
