# 포트폴리오 보고서 (기준일: 2025-11-26)

## 요약
- 포트폴리오 **누적 수익률**: **9.48%**  (V₀=11,045,878, Vₜ=12,144,060)
- 포트폴리오 **일일 수익률**: **2.62%**  (공통 거래일: 2025-11-25 → 2025-11-26)
- KOSPI **일일 수익률**: **2.64%**  (비교 기준일: 2025-11-26)
- **초과수익률(일일)**: **-0.02%**

## 개별 종목 현황 (오늘 기준)

| name | code | shares | buy_price | last_date | close_last | r_i_cum | r_i_daily |
|---|---:|---:|---:|---|---:|---:|---:|
| KT | 030200 | 16 | 52,901 | 2025-11-26 | 50,200 | -5.24% | 0.70% |
| LG디스플레이 | 034220 | 84 | 11,940 | 2025-11-26 | 12,620 | 5.54% | 3.14% |
| LG유플러스 | 032640 | 62 | 14,955 | 2025-11-26 | 15,290 | 2.22% | 0.59% |
| 강원랜드 | 035250 | 60 | 18,291 | 2025-11-26 | 17,870 | -2.33% | 1.92% |
| 동아쏘시오홀딩스 | 000640 | 10 | 109,982 | 2025-11-26 | 113,200 | 2.88% | 2.87% |
| 삼성물산 | 028260 | 6 | 173,255 | 2025-11-26 | 236,000 | 30.91% | 3.23% |
| 세아베스틸지주 | 001430 | 32 | 27,976 | 2025-11-26 | 27,450 | -1.90% | 2.02% |
| 아모레퍼시픽홀딩스 | 002790 | 18 | 27,825 | 2025-11-26 | 28,800 | 3.44% | 0.35% |
| 영원무역홀딩스 | 009970 | 16 | 133,954 | 2025-11-26 | 179,400 | 29.21% | 4.15% |
| 오리온홀딩스 | 001800 | 36 | 21,026 | 2025-11-26 | 19,850 | -5.76% | 2.60% |
| 현대지에프홀딩스 | 005440 | 90 | 8,180 | 2025-11-26 | 8,120 | -0.74% | 2.49% |

## Beta (1Y, 일간 로그수익률)
- 기준일: **2025-11-26**, 윈도우: **2024-11-26 ~ 2025-11-26**

### 포트폴리오 Beta
- 관측치 수: **242**  (공통 거래일 기준)
- 기간: **2024-11-27 ~ 2025-11-26**
- **Beta (직접법)**: **0.5809**

### 개별 종목 Beta
| name | code | n | period | beta |
|---|---:|---:|---|---:|
| KT | 030200 | 243 | 2024-11-26 ~ 2025-11-26 | 0.2593 |
| LG디스플레이 | 034220 | 243 | 2024-11-26 ~ 2025-11-26 | 1.1516 |
| LG유플러스 | 032640 | 243 | 2024-11-26 ~ 2025-11-26 | 0.1939 |
| 강원랜드 | 035250 | 243 | 2024-11-26 ~ 2025-11-26 | 0.3490 |
| 동아쏘시오홀딩스 | 000640 | 243 | 2024-11-26 ~ 2025-11-26 | 0.2461 |
| 삼성물산 | 028260 | 243 | 2024-11-26 ~ 2025-11-26 | 1.0701 |
| 세아베스틸지주 | 001430 | 243 | 2024-11-26 ~ 2025-11-26 | 0.5728 |
| 아모레퍼시픽홀딩스 | 002790 | 243 | 2024-11-26 ~ 2025-11-26 | 0.7206 |
| 영원무역홀딩스 | 009970 | 243 | 2024-11-26 ~ 2025-11-26 | 0.5361 |
| 오리온홀딩스 | 001800 | 243 | 2024-11-26 ~ 2025-11-26 | 0.6388 |
| 현대지에프홀딩스 | 005440 | 243 | 2024-11-26 ~ 2025-11-26 | 0.7986 |

## EWMA Vol (1Y, λ=0.94, Daily)
- 기준일: **2025-11-26**, 윈도우: **2024-11-26 ~ 2025-11-26**
- 결과는 **일간 표준편차(σ)**이며 **연간화하지 않음**

| name | code | n | period | ewma_sigma_daily |
|---|---:|---:|---|---:|
| KT | 030200 | 243 | 2024-11-26 ~ 2025-11-26 | 0.011311 |
| LG디스플레이 | 034220 | 243 | 2024-11-26 ~ 2025-11-26 | 0.028532 |
| LG유플러스 | 032640 | 243 | 2024-11-26 ~ 2025-11-26 | 0.022196 |
| 강원랜드 | 035250 | 243 | 2024-11-26 ~ 2025-11-26 | 0.012294 |
| 동아쏘시오홀딩스 | 000640 | 243 | 2024-11-26 ~ 2025-11-26 | 0.018123 |
| 삼성물산 | 028260 | 243 | 2024-11-26 ~ 2025-11-26 | 0.031006 |
| 세아베스틸지주 | 001430 | 243 | 2024-11-26 ~ 2025-11-26 | 0.027765 |
| 아모레퍼시픽홀딩스 | 002790 | 243 | 2024-11-26 ~ 2025-11-26 | 0.030359 |
| 영원무역홀딩스 | 009970 | 243 | 2024-11-26 ~ 2025-11-26 | 0.032588 |
| 오리온홀딩스 | 001800 | 243 | 2024-11-26 ~ 2025-11-26 | 0.018885 |
| 현대지에프홀딩스 | 005440 | 243 | 2024-11-26 ~ 2025-11-26 | 0.030551 |
## 종목 간 상관관계 (1년)

- 기준일: 2025-11-26  | 기간: 2024-11-26 ~ 2025-11-26


| name | 동아쏘시오홀딩스 | 세아베스틸지주 | 오리온홀딩스 | 아모레퍼시픽홀딩스 | 현대지에프홀딩스 | 영원무역홀딩스 | 삼성물산 | KT | LG유플러스 | 강원랜드 | LG디스플레이 |
|---|---:|---:|---:|---:|---:|---:|---:|---:|---:|---:|---:|
| 동아쏘시오홀딩스 | 1.0000 | 0.1893 | 0.3156 | 0.1977 | 0.3290 | 0.2436 | 0.1849 | 0.0394 | 0.1194 | 0.1685 | 0.2008 |
| 세아베스틸지주 | 0.1893 | 1.0000 | 0.2281 | 0.2885 | 0.2682 | 0.1753 | 0.0975 | 0.1051 | 0.1179 | 0.3072 | 0.1449 |
| 오리온홀딩스 | 0.3156 | 0.2281 | 1.0000 | 0.3973 | 0.5628 | 0.3890 | 0.3338 | 0.1847 | 0.2508 | 0.2633 | 0.1764 |
| 아모레퍼시픽홀딩스 | 0.1977 | 0.2885 | 0.3973 | 1.0000 | 0.3259 | 0.2215 | 0.3652 | 0.2161 | 0.1725 | 0.3036 | 0.2246 |
| 현대지에프홀딩스 | 0.3290 | 0.2682 | 0.5628 | 0.3259 | 1.0000 | 0.4451 | 0.4036 | 0.2469 | 0.2153 | 0.3379 | 0.2002 |
| 영원무역홀딩스 | 0.2436 | 0.1753 | 0.3890 | 0.2215 | 0.4451 | 1.0000 | 0.2614 | 0.2647 | 0.1940 | 0.1866 | 0.1560 |
| 삼성물산 | 0.1849 | 0.0975 | 0.3338 | 0.3652 | 0.4036 | 0.2614 | 1.0000 | 0.1803 | 0.1441 | 0.1875 | 0.2876 |
| KT | 0.0394 | 0.1051 | 0.1847 | 0.2161 | 0.2469 | 0.2647 | 0.1803 | 1.0000 | 0.3177 | 0.2016 | 0.0765 |
| LG유플러스 | 0.1194 | 0.1179 | 0.2508 | 0.1725 | 0.2153 | 0.1940 | 0.1441 | 0.3177 | 1.0000 | 0.2288 | 0.1745 |
| 강원랜드 | 0.1685 | 0.3072 | 0.2633 | 0.3036 | 0.3379 | 0.1866 | 0.1875 | 0.2016 | 0.2288 | 1.0000 | 0.2961 |
| LG디스플레이 | 0.2008 | 0.1449 | 0.1764 | 0.2246 | 0.2002 | 0.1560 | 0.2876 | 0.0765 | 0.1745 | 0.2961 | 1.0000 |

## 포트폴리오 VaR (10-day, 99%) — 2025-11-26

- Total portfolio value (used): 12,144,060 KRW
- z-score: 2.33
- Portfolio σ (money, 10d): 541,745 KRW
- **Portfolio VaR (10d, 99%)**: **1,262,265 KRW**
- VaR / Portfolio value: **10.39%** → ✅ 15% 이하

## Top 10 Component VaR

| Rank | Name | Position (KRW) | σ10d | cVaR (KRW) | cVaR/Port | cVaR/Pos | Note |
|---:|---|---:|---:|---:|---:|---:|---|
| 1 | 영원무역홀딩스 | 2,870,400 | 0.0933 | 494,314 | 39.16% | 17.22% |  |
| 2 | 삼성물산 | 1,416,000 | 0.0904 | 177,513 | 14.06% | 12.54% |  |
| 3 | 현대지에프홀딩스 | 730,800 | 0.0983 | 115,948 | 9.19% | 15.87% |  |
| 4 | 세아베스틸지주 | 878,400 | 0.1010 | 90,353 | 7.16% | 10.29% |  |
| 5 | LG디스플레이 | 1,060,080 | 0.0733 | 79,951 | 6.33% | 7.54% |  |
| 6 | 동아쏘시오홀딩스 | 1,132,000 | 0.0535 | 63,511 | 5.03% | 5.61% |  |
| 7 | 오리온홀딩스 | 714,600 | 0.0588 | 60,088 | 4.76% | 8.41% |  |
| 8 | 아모레퍼시픽홀딩스 | 518,400 | 0.0939 | 58,329 | 4.62% | 11.25% |  |
| 9 | LG유플러스 | 947,980 | 0.0633 | 55,217 | 4.37% | 5.82% |  |
| 10 | 강원랜드 | 1,072,200 | 0.0405 | 46,055 | 3.65% | 4.30% |  |

- Σ cVaR (all names) = 1,262,265 KRW
