# 포트폴리오 보고서 (기준일: 2025-10-24)

## 요약
- 포트폴리오 **누적 수익률**: **1.85%**  (V₀=11,045,878, Vₜ=11,251,660)
- 포트폴리오 **일일 수익률**: **0.21%**  (공통 거래일: 2025-10-23 → 2025-10-24)
- KOSPI **일일 수익률**: **2.47%**  (비교 기준일: 2025-10-24)
- **초과수익률(일일)**: **-2.26%**

## 개별 종목 현황 (오늘 기준)

| name | code | shares | buy_price | last_date | close_last | r_i_cum | r_i_daily |
|---|---:|---:|---:|---|---:|---:|---:|
| KT | 030200 | 16 | 52,901 | 2025-10-24 | 49,650 | -6.34% | -0.30% |
| LG디스플레이 | 034220 | 84 | 11,940 | 2025-10-24 | 13,770 | 14.26% | -2.72% |
| LG유플러스 | 032640 | 62 | 14,955 | 2025-10-24 | 15,170 | 1.43% | 0.60% |
| 강원랜드 | 035250 | 60 | 18,291 | 2025-10-24 | 17,090 | -6.79% | 0.00% |
| 동아쏘시오홀딩스 | 000640 | 10 | 109,982 | 2025-10-24 | 109,900 | -0.07% | 0.36% |
| 삼성물산 | 028260 | 6 | 173,255 | 2025-10-24 | 209,000 | 18.76% | 1.45% |
| 세아베스틸지주 | 001430 | 32 | 27,976 | 2025-10-24 | 28,300 | 1.15% | 6.38% |
| 아모레퍼시픽홀딩스 | 002790 | 18 | 27,825 | 2025-10-24 | 25,200 | -9.91% | 0.00% |
| 영원무역홀딩스 | 009970 | 16 | 133,954 | 2025-10-24 | 138,900 | 3.63% | -0.50% |
| 오리온홀딩스 | 001800 | 36 | 21,026 | 2025-10-24 | 19,190 | -9.14% | -0.93% |
| 현대지에프홀딩스 | 005440 | 90 | 8,180 | 2025-10-24 | 7,880 | -3.74% | -1.14% |

## Beta (1Y, 일간 로그수익률)
- 기준일: **2025-10-24**, 윈도우: **2024-10-24 ~ 2025-10-24**

### 포트폴리오 Beta
- 관측치 수: **242**  (공통 거래일 기준)
- 기간: **2024-10-25 ~ 2025-10-24**
- **Beta (직접법)**: **0.6156**

### 개별 종목 Beta
| name | code | n | period | beta |
|---|---:|---:|---|---:|
| KT | 030200 | 243 | 2024-10-24 ~ 2025-10-24 | 0.2616 |
| LG디스플레이 | 034220 | 243 | 2024-10-24 ~ 2025-10-24 | 1.2291 |
| LG유플러스 | 032640 | 243 | 2024-10-24 ~ 2025-10-24 | 0.2498 |
| 강원랜드 | 035250 | 243 | 2024-10-24 ~ 2025-10-24 | 0.3990 |
| 동아쏘시오홀딩스 | 000640 | 243 | 2024-10-24 ~ 2025-10-24 | 0.2429 |
| 삼성물산 | 028260 | 243 | 2024-10-24 ~ 2025-10-24 | 1.1071 |
| 세아베스틸지주 | 001430 | 243 | 2024-10-24 ~ 2025-10-24 | 0.6497 |
| 아모레퍼시픽홀딩스 | 002790 | 243 | 2024-10-24 ~ 2025-10-24 | 0.8613 |
| 영원무역홀딩스 | 009970 | 243 | 2024-10-24 ~ 2025-10-24 | 0.5836 |
| 오리온홀딩스 | 001800 | 243 | 2024-10-24 ~ 2025-10-24 | 0.6370 |
| 현대지에프홀딩스 | 005440 | 243 | 2024-10-24 ~ 2025-10-24 | 0.7848 |

## EWMA Vol (1Y, λ=0.94, Daily)
- 기준일: **2025-10-24**, 윈도우: **2024-10-24 ~ 2025-10-24**
- 결과는 **일간 표준편차(σ)**이며 **연간화하지 않음**

| name | code | n | period | ewma_sigma_daily |
|---|---:|---:|---|---:|
| KT | 030200 | 243 | 2024-10-24 ~ 2025-10-24 | 0.012598 |
| LG디스플레이 | 034220 | 243 | 2024-10-24 ~ 2025-10-24 | 0.033254 |
| LG유플러스 | 032640 | 243 | 2024-10-24 ~ 2025-10-24 | 0.014910 |
| 강원랜드 | 035250 | 243 | 2024-10-24 ~ 2025-10-24 | 0.009748 |
| 동아쏘시오홀딩스 | 000640 | 243 | 2024-10-24 ~ 2025-10-24 | 0.016695 |
| 삼성물산 | 028260 | 243 | 2024-10-24 ~ 2025-10-24 | 0.025484 |
| 세아베스틸지주 | 001430 | 243 | 2024-10-24 ~ 2025-10-24 | 0.030635 |
| 아모레퍼시픽홀딩스 | 002790 | 243 | 2024-10-24 ~ 2025-10-24 | 0.014358 |
| 영원무역홀딩스 | 009970 | 243 | 2024-10-24 ~ 2025-10-24 | 0.018369 |
| 오리온홀딩스 | 001800 | 243 | 2024-10-24 ~ 2025-10-24 | 0.014956 |
| 현대지에프홀딩스 | 005440 | 243 | 2024-10-24 ~ 2025-10-24 | 0.026929 |
## 종목 간 상관관계 (1년)

- 기준일: 2025-10-24  | 기간: 2024-10-24 ~ 2025-10-24


| name | 동아쏘시오홀딩스 | 세아베스틸지주 | 오리온홀딩스 | 아모레퍼시픽홀딩스 | 현대지에프홀딩스 | 영원무역홀딩스 | 삼성물산 | KT | LG유플러스 | 강원랜드 | LG디스플레이 |
|---|---:|---:|---:|---:|---:|---:|---:|---:|---:|---:|---:|
| 동아쏘시오홀딩스 | 1.0000 | 0.1397 | 0.2913 | 0.2182 | 0.3094 | 0.2197 | 0.1134 | 0.0053 | 0.0734 | 0.1544 | 0.1782 |
| 세아베스틸지주 | 0.1397 | 1.0000 | 0.1812 | 0.2452 | 0.2437 | 0.2505 | 0.0941 | 0.0269 | 0.0581 | 0.2295 | 0.1175 |
| 오리온홀딩스 | 0.2913 | 0.1812 | 1.0000 | 0.3578 | 0.5086 | 0.3956 | 0.3115 | 0.1763 | 0.2334 | 0.2203 | 0.1513 |
| 아모레퍼시픽홀딩스 | 0.2182 | 0.2452 | 0.3578 | 1.0000 | 0.3247 | 0.2609 | 0.4501 | 0.1618 | 0.0879 | 0.2678 | 0.2488 |
| 현대지에프홀딩스 | 0.3094 | 0.2437 | 0.5086 | 0.3247 | 1.0000 | 0.3921 | 0.3795 | 0.1591 | 0.1728 | 0.3003 | 0.1615 |
| 영원무역홀딩스 | 0.2197 | 0.2505 | 0.3956 | 0.2609 | 0.3921 | 1.0000 | 0.2690 | 0.1991 | 0.1516 | 0.1346 | 0.1417 |
| 삼성물산 | 0.1134 | 0.0941 | 0.3115 | 0.4501 | 0.3795 | 0.2690 | 1.0000 | 0.1451 | 0.1475 | 0.1721 | 0.2554 |
| KT | 0.0053 | 0.0269 | 0.1763 | 0.1618 | 0.1591 | 0.1991 | 0.1451 | 1.0000 | 0.3846 | 0.1761 | 0.0264 |
| LG유플러스 | 0.0734 | 0.0581 | 0.2334 | 0.0879 | 0.1728 | 0.1516 | 0.1475 | 0.3846 | 1.0000 | 0.2130 | 0.1283 |
| 강원랜드 | 0.1544 | 0.2295 | 0.2203 | 0.2678 | 0.3003 | 0.1346 | 0.1721 | 0.1761 | 0.2130 | 1.0000 | 0.3026 |
| LG디스플레이 | 0.1782 | 0.1175 | 0.1513 | 0.2488 | 0.1615 | 0.1417 | 0.2554 | 0.0264 | 0.1283 | 0.3026 | 1.0000 |

## 포트폴리오 VaR (10-day, 99%) — 2025-10-24

- Total portfolio value (used): 11,251,660 KRW
- z-score: 2.33
- Portfolio σ (money, 10d): 383,234 KRW
- **Portfolio VaR (10d, 99%)**: **892,935 KRW**
- VaR / Portfolio value: **7.94%** → ✅ 15% 이하

## Top 10 Component VaR

| Rank | Name | Position (KRW) | σ10d | cVaR (KRW) | cVaR/Port | cVaR/Pos | Note |
|---:|---|---:|---:|---:|---:|---:|---|
| 1 | 영원무역홀딩스 | 2,222,400 | 0.0546 | 191,661 | 21.46% | 8.62% |  |
| 2 | 삼성물산 | 1,254,000 | 0.0791 | 140,610 | 15.75% | 11.21% |  |
| 3 | LG디스플레이 | 1,156,680 | 0.0844 | 118,401 | 13.26% | 10.24% |  |
| 4 | 세아베스틸지주 | 905,600 | 0.1089 | 117,262 | 13.13% | 12.95% |  |
| 5 | 현대지에프홀딩스 | 709,200 | 0.0887 | 96,535 | 10.81% | 13.61% |  |
| 6 | 동아쏘시오홀딩스 | 1,099,000 | 0.0529 | 60,012 | 6.72% | 5.46% |  |
| 7 | 오리온홀딩스 | 690,840 | 0.0478 | 45,054 | 5.05% | 6.52% |  |
| 8 | LG유플러스 | 940,540 | 0.0511 | 41,443 | 4.64% | 4.41% |  |
| 9 | 강원랜드 | 1,025,400 | 0.0334 | 36,612 | 4.10% | 3.57% |  |
| 10 | 아모레퍼시픽홀딩스 | 453,600 | 0.0449 | 25,749 | 2.88% | 5.68% |  |

- Σ cVaR (all names) = 892,935 KRW
