# 포트폴리오 보고서 (기준일: 2025-11-12)

## 요약
- 포트폴리오 **누적 수익률**: **6.48%**  (V₀=11,045,878, Vₜ=11,785,500)
- 포트폴리오 **일일 수익률**: **1.82%**  (공통 거래일: 2025-11-11 → 2025-11-12)
- KOSPI **일일 수익률**: **1.07%**  (비교 기준일: 2025-11-12)
- **초과수익률(일일)**: **0.76%**

## 개별 종목 현황 (오늘 기준)

| name | code | shares | buy_price | last_date | close_last | r_i_cum | r_i_daily |
|---|---:|---:|---:|---|---:|---:|---:|
| KT | 030200 | 16 | 52,901 | 2025-11-12 | 49,450 | -6.75% | 0.30% |
| LG디스플레이 | 034220 | 84 | 11,940 | 2025-11-12 | 13,600 | 13.02% | 0.81% |
| LG유플러스 | 032640 | 62 | 14,955 | 2025-11-12 | 15,550 | 3.90% | -0.83% |
| 강원랜드 | 035250 | 60 | 18,291 | 2025-11-12 | 17,630 | -3.68% | 2.70% |
| 동아쏘시오홀딩스 | 000640 | 10 | 109,982 | 2025-11-12 | 108,100 | -1.73% | 3.10% |
| 삼성물산 | 028260 | 6 | 173,255 | 2025-11-12 | 228,500 | 27.68% | 1.32% |
| 세아베스틸지주 | 001430 | 32 | 27,976 | 2025-11-12 | 28,850 | 3.08% | 5.89% |
| 아모레퍼시픽홀딩스 | 002790 | 18 | 27,825 | 2025-11-12 | 27,700 | -0.45% | 2.19% |
| 영원무역홀딩스 | 009970 | 16 | 133,954 | 2025-11-12 | 151,300 | 12.18% | 0.00% |
| 오리온홀딩스 | 001800 | 36 | 21,026 | 2025-11-12 | 20,350 | -3.27% | 3.60% |
| 현대지에프홀딩스 | 005440 | 90 | 8,180 | 2025-11-12 | 8,920 | 8.66% | 5.18% |

## Beta (1Y, 일간 로그수익률)
- 기준일: **2025-11-12**, 윈도우: **2024-11-12 ~ 2025-11-12**

### 포트폴리오 Beta
- 관측치 수: **242**  (공통 거래일 기준)
- 기간: **2024-11-13 ~ 2025-11-12**
- **Beta (직접법)**: **0.6117**

### 개별 종목 Beta
| name | code | n | period | beta |
|---|---:|---:|---|---:|
| KT | 030200 | 243 | 2024-11-12 ~ 2025-11-12 | 0.3058 |
| LG디스플레이 | 034220 | 243 | 2024-11-12 ~ 2025-11-12 | 1.1794 |
| LG유플러스 | 032640 | 243 | 2024-11-12 ~ 2025-11-12 | 0.2037 |
| 강원랜드 | 035250 | 243 | 2024-11-12 ~ 2025-11-12 | 0.3895 |
| 동아쏘시오홀딩스 | 000640 | 243 | 2024-11-12 ~ 2025-11-12 | 0.2379 |
| 삼성물산 | 028260 | 243 | 2024-11-12 ~ 2025-11-12 | 1.0971 |
| 세아베스틸지주 | 001430 | 243 | 2024-11-12 ~ 2025-11-12 | 0.6061 |
| 아모레퍼시픽홀딩스 | 002790 | 243 | 2024-11-12 ~ 2025-11-12 | 0.7571 |
| 영원무역홀딩스 | 009970 | 243 | 2024-11-12 ~ 2025-11-12 | 0.6288 |
| 오리온홀딩스 | 001800 | 243 | 2024-11-12 ~ 2025-11-12 | 0.6523 |
| 현대지에프홀딩스 | 005440 | 243 | 2024-11-12 ~ 2025-11-12 | 0.7950 |

## EWMA Vol (1Y, λ=0.94, Daily)
- 기준일: **2025-11-12**, 윈도우: **2024-11-12 ~ 2025-11-12**
- 결과는 **일간 표준편차(σ)**이며 **연간화하지 않음**

| name | code | n | period | ewma_sigma_daily |
|---|---:|---:|---|---:|
| KT | 030200 | 243 | 2024-11-12 ~ 2025-11-12 | 0.011827 |
| LG디스플레이 | 034220 | 243 | 2024-11-12 ~ 2025-11-12 | 0.030252 |
| LG유플러스 | 032640 | 243 | 2024-11-12 ~ 2025-11-12 | 0.020943 |
| 강원랜드 | 035250 | 243 | 2024-11-12 ~ 2025-11-12 | 0.012256 |
| 동아쏘시오홀딩스 | 000640 | 243 | 2024-11-12 ~ 2025-11-12 | 0.017090 |
| 삼성물산 | 028260 | 243 | 2024-11-12 ~ 2025-11-12 | 0.031063 |
| 세아베스틸지주 | 001430 | 243 | 2024-11-12 ~ 2025-11-12 | 0.032888 |
| 아모레퍼시픽홀딩스 | 002790 | 243 | 2024-11-12 ~ 2025-11-12 | 0.023676 |
| 영원무역홀딩스 | 009970 | 243 | 2024-11-12 ~ 2025-11-12 | 0.037646 |
| 오리온홀딩스 | 001800 | 243 | 2024-11-12 ~ 2025-11-12 | 0.020886 |
| 현대지에프홀딩스 | 005440 | 243 | 2024-11-12 ~ 2025-11-12 | 0.034728 |
## 종목 간 상관관계 (1년)

- 기준일: 2025-11-12  | 기간: 2024-11-12 ~ 2025-11-12


| name | 동아쏘시오홀딩스 | 세아베스틸지주 | 오리온홀딩스 | 아모레퍼시픽홀딩스 | 현대지에프홀딩스 | 영원무역홀딩스 | 삼성물산 | KT | LG유플러스 | 강원랜드 | LG디스플레이 |
|---|---:|---:|---:|---:|---:|---:|---:|---:|---:|---:|---:|
| 동아쏘시오홀딩스 | 1.0000 | 0.1976 | 0.3157 | 0.2010 | 0.3344 | 0.2475 | 0.1673 | 0.0420 | 0.0800 | 0.1655 | 0.1906 |
| 세아베스틸지주 | 0.1976 | 1.0000 | 0.2278 | 0.3048 | 0.2656 | 0.1995 | 0.0839 | 0.0647 | 0.0898 | 0.3089 | 0.1457 |
| 오리온홀딩스 | 0.3157 | 0.2278 | 1.0000 | 0.3933 | 0.5552 | 0.4029 | 0.3318 | 0.1785 | 0.2429 | 0.2566 | 0.1678 |
| 아모레퍼시픽홀딩스 | 0.2010 | 0.3048 | 0.3933 | 1.0000 | 0.3196 | 0.2252 | 0.3887 | 0.2153 | 0.1143 | 0.2931 | 0.2159 |
| 현대지에프홀딩스 | 0.3344 | 0.2656 | 0.5552 | 0.3196 | 1.0000 | 0.4720 | 0.3832 | 0.2482 | 0.2029 | 0.3399 | 0.1871 |
| 영원무역홀딩스 | 0.2475 | 0.1995 | 0.4029 | 0.2252 | 0.4720 | 1.0000 | 0.3013 | 0.2596 | 0.1872 | 0.1820 | 0.1699 |
| 삼성물산 | 0.1673 | 0.0839 | 0.3318 | 0.3887 | 0.3832 | 0.3013 | 1.0000 | 0.2064 | 0.1558 | 0.1994 | 0.2721 |
| KT | 0.0420 | 0.0647 | 0.1785 | 0.2153 | 0.2482 | 0.2596 | 0.2064 | 1.0000 | 0.3484 | 0.2094 | 0.0609 |
| LG유플러스 | 0.0800 | 0.0898 | 0.2429 | 0.1143 | 0.2029 | 0.1872 | 0.1558 | 0.3484 | 1.0000 | 0.2161 | 0.1479 |
| 강원랜드 | 0.1655 | 0.3089 | 0.2566 | 0.2931 | 0.3399 | 0.1820 | 0.1994 | 0.2094 | 0.2161 | 1.0000 | 0.2989 |
| LG디스플레이 | 0.1906 | 0.1457 | 0.1678 | 0.2159 | 0.1871 | 0.1699 | 0.2721 | 0.0609 | 0.1479 | 0.2989 | 1.0000 |

## 포트폴리오 VaR (10-day, 99%) — 2025-11-12

- Total portfolio value (used): 11,785,500 KRW
- z-score: 2.33
- Portfolio σ (money, 10d): 552,049 KRW
- **Portfolio VaR (10d, 99%)**: **1,286,274 KRW**
- VaR / Portfolio value: **10.91%** → ✅ 15% 이하

## Top 10 Component VaR

| Rank | Name | Position (KRW) | σ10d | cVaR (KRW) | cVaR/Port | cVaR/Pos | Note |
|---:|---|---:|---:|---:|---:|---:|---|
| 1 | 영원무역홀딩스 | 2,420,800 | 0.1011 | 446,160 | 34.69% | 18.43% |  |
| 2 | 삼성물산 | 1,371,000 | 0.0908 | 173,805 | 13.51% | 12.68% |  |
| 3 | 현대지에프홀딩스 | 802,800 | 0.1152 | 153,743 | 11.95% | 19.15% |  |
| 4 | 세아베스틸지주 | 923,200 | 0.1189 | 120,879 | 9.40% | 13.09% |  |
| 5 | LG디스플레이 | 1,142,400 | 0.0745 | 88,144 | 6.85% | 7.72% |  |
| 6 | 오리온홀딩스 | 732,600 | 0.0661 | 70,250 | 5.46% | 9.59% |  |
| 7 | 동아쏘시오홀딩스 | 1,081,000 | 0.0539 | 60,140 | 4.68% | 5.56% |  |
| 8 | LG유플러스 | 964,100 | 0.0683 | 58,955 | 4.58% | 6.12% |  |
| 9 | 강원랜드 | 1,057,800 | 0.0408 | 46,685 | 3.63% | 4.41% |  |
| 10 | 아모레퍼시픽홀딩스 | 498,600 | 0.0744 | 43,664 | 3.39% | 8.76% |  |

- Σ cVaR (all names) = 1,286,274 KRW
