# 포트폴리오 보고서 (기준일: 2026-01-08)

## 요약
- 포트폴리오 **누적 수익률**: **18.50%**  (V₀=11,045,878, Vₜ=13,290,480)
- 포트폴리오 **일일 수익률**: **-0.11%**  (공통 거래일: 2026-01-07 → 2026-01-08)
- KOSPI **일일 수익률**: **1.23%**  (비교 기준일: 2025-09-16)
- **초과수익률(일일)**: **-1.35%**

## 개별 종목 현황 (오늘 기준)

| name | code | shares | buy_price | last_date | close_last | r_i_cum | r_i_daily |
|---|---:|---:|---:|---|---:|---:|---:|
| KT | 030200 | 16 | 52,901 | 2026-01-08 | 51,500 | -2.68% | -1.73% |
| LG디스플레이 | 034220 | 84 | 11,940 | 2026-01-08 | 12,230 | 2.40% | -2.50% |
| LG유플러스 | 032640 | 62 | 14,955 | 2026-01-08 | 14,360 | -4.06% | -0.76% |
| 강원랜드 | 035250 | 60 | 18,291 | 2026-01-08 | 18,080 | -1.16% | -0.66% |
| 동아쏘시오홀딩스 | 000640 | 10 | 109,982 | 2026-01-08 | 106,800 | -2.94% | 0.00% |
| 삼성물산 | 028260 | 6 | 173,255 | 2026-01-08 | 270,500 | 44.55% | 2.05% |
| 세아베스틸지주 | 001430 | 32 | 27,976 | 2026-01-08 | 58,000 | 72.91% | 1.39% |
| 아모레퍼시픽홀딩스 | 002790 | 18 | 27,825 | 2026-01-08 | 25,850 | -7.36% | -0.77% |
| 영원무역홀딩스 | 009970 | 16 | 133,954 | 2026-01-08 | 190,000 | 34.95% | 0.32% |
| 오리온홀딩스 | 001800 | 36 | 21,026 | 2026-01-08 | 19,440 | -7.84% | -1.18% |
| 현대지에프홀딩스 | 005440 | 90 | 8,180 | 2026-01-08 | 7,910 | -3.36% | -2.37% |

## Beta (1Y, 일간 로그수익률)
- 기준일: **2026-01-08**, 윈도우: **2025-01-08 ~ 2026-01-08**

### 포트폴리오 Beta
- 관측치 수: **168**  (공통 거래일 기준)
- 기간: **2025-01-09 ~ 2025-09-16**
- **Beta (직접법)**: **0.6605**

### 개별 종목 Beta
| name | code | n | period | beta |
|---|---:|---:|---|---:|
| KT | 030200 | 169 | 2025-01-08 ~ 2025-09-16 | 0.2756 |
| LG디스플레이 | 034220 | 169 | 2025-01-08 ~ 2025-09-16 | 1.2836 |
| LG유플러스 | 032640 | 169 | 2025-01-08 ~ 2025-09-16 | 0.2146 |
| 강원랜드 | 035250 | 169 | 2025-01-08 ~ 2025-09-16 | 0.3783 |
| 동아쏘시오홀딩스 | 000640 | 169 | 2025-01-08 ~ 2025-09-16 | 0.2727 |
| 삼성물산 | 028260 | 169 | 2025-01-08 ~ 2025-09-16 | 1.0123 |
| 세아베스틸지주 | 001430 | 169 | 2025-01-08 ~ 2025-09-16 | 0.6830 |
| 아모레퍼시픽홀딩스 | 002790 | 169 | 2025-01-08 ~ 2025-09-16 | 0.8482 |
| 영원무역홀딩스 | 009970 | 169 | 2025-01-08 ~ 2025-09-16 | 0.8016 |
| 오리온홀딩스 | 001800 | 169 | 2025-01-08 ~ 2025-09-16 | 0.7691 |
| 현대지에프홀딩스 | 005440 | 169 | 2025-01-08 ~ 2025-09-16 | 0.8603 |

## EWMA Vol (1Y, λ=0.94, Daily)
- 기준일: **2026-01-08**, 윈도우: **2025-01-08 ~ 2026-01-08**
- 결과는 **일간 표준편차(σ)**이며 **연간화하지 않음**

| name | code | n | period | ewma_sigma_daily |
|---|---:|---:|---|---:|
| KT | 030200 | 243 | 2025-01-08 ~ 2026-01-08 | 0.014559 |
| LG디스플레이 | 034220 | 243 | 2025-01-08 ~ 2026-01-08 | 0.020027 |
| LG유플러스 | 032640 | 243 | 2025-01-08 ~ 2026-01-08 | 0.014976 |
| 강원랜드 | 035250 | 243 | 2025-01-08 ~ 2026-01-08 | 0.012309 |
| 동아쏘시오홀딩스 | 000640 | 243 | 2025-01-08 ~ 2026-01-08 | 0.013353 |
| 삼성물산 | 028260 | 243 | 2025-01-08 ~ 2026-01-08 | 0.024866 |
| 세아베스틸지주 | 001430 | 243 | 2025-01-08 ~ 2026-01-08 | 0.073292 |
| 아모레퍼시픽홀딩스 | 002790 | 243 | 2025-01-08 ~ 2026-01-08 | 0.027695 |
| 영원무역홀딩스 | 009970 | 243 | 2025-01-08 ~ 2026-01-08 | 0.030087 |
| 오리온홀딩스 | 001800 | 243 | 2025-01-08 ~ 2026-01-08 | 0.014951 |
| 현대지에프홀딩스 | 005440 | 243 | 2025-01-08 ~ 2026-01-08 | 0.020995 |
## 종목 간 상관관계 (1년)

- 기준일: 2026-01-08  | 기간: 2025-01-08 ~ 2026-01-08


| name | 동아쏘시오홀딩스 | 세아베스틸지주 | 오리온홀딩스 | 아모레퍼시픽홀딩스 | 현대지에프홀딩스 | 영원무역홀딩스 | 삼성물산 | KT | LG유플러스 | 강원랜드 | LG디스플레이 |
|---|---:|---:|---:|---:|---:|---:|---:|---:|---:|---:|---:|
| 동아쏘시오홀딩스 | 1.0000 | 0.0828 | 0.3296 | 0.1620 | 0.3572 | 0.2275 | 0.1701 | 0.0761 | 0.1440 | 0.1661 | 0.2057 |
| 세아베스틸지주 | 0.0828 | 1.0000 | 0.1300 | 0.2024 | 0.1422 | 0.0880 | 0.0693 | 0.0073 | 0.0210 | 0.0993 | 0.0427 |
| 오리온홀딩스 | 0.3296 | 0.1300 | 1.0000 | 0.3531 | 0.5744 | 0.3700 | 0.3009 | 0.2082 | 0.2427 | 0.2292 | 0.1435 |
| 아모레퍼시픽홀딩스 | 0.1620 | 0.2024 | 0.3531 | 1.0000 | 0.2981 | 0.1666 | 0.3216 | 0.1719 | 0.1302 | 0.2201 | 0.1548 |
| 현대지에프홀딩스 | 0.3572 | 0.1422 | 0.5744 | 0.2981 | 1.0000 | 0.4361 | 0.3745 | 0.2115 | 0.2073 | 0.3265 | 0.1732 |
| 영원무역홀딩스 | 0.2275 | 0.0880 | 0.3700 | 0.1666 | 0.4361 | 1.0000 | 0.2610 | 0.2441 | 0.1893 | 0.1763 | 0.1436 |
| 삼성물산 | 0.1701 | 0.0693 | 0.3009 | 0.3216 | 0.3745 | 0.2610 | 1.0000 | 0.1899 | 0.1154 | 0.1145 | 0.2575 |
| KT | 0.0761 | 0.0073 | 0.2082 | 0.1719 | 0.2115 | 0.2441 | 0.1899 | 1.0000 | 0.2809 | 0.1838 | 0.0845 |
| LG유플러스 | 0.1440 | 0.0210 | 0.2427 | 0.1302 | 0.2073 | 0.1893 | 0.1154 | 0.2809 | 1.0000 | 0.1906 | 0.1554 |
| 강원랜드 | 0.1661 | 0.0993 | 0.2292 | 0.2201 | 0.3265 | 0.1763 | 0.1145 | 0.1838 | 0.1906 | 1.0000 | 0.2403 |
| LG디스플레이 | 0.2057 | 0.0427 | 0.1435 | 0.1548 | 0.1732 | 0.1436 | 0.2575 | 0.0845 | 0.1554 | 0.2403 | 1.0000 |

## 포트폴리오 VaR (10-day, 99%) — 2026-01-08

- Total portfolio value (used): 13,290,480 KRW
- z-score: 2.33
- Portfolio σ (money, 10d): 695,159 KRW
- **Portfolio VaR (10d, 99%)**: **1,619,721 KRW**
- VaR / Portfolio value: **12.19%** → ✅ 15% 이하

## Top 10 Component VaR

| Rank | Name | Position (KRW) | σ10d | cVaR (KRW) | cVaR/Port | cVaR/Pos | Note |
|---:|---|---:|---:|---:|---:|---:|---|
| 1 | 세아베스틸지주 | 1,856,000 | 0.2607 | 884,644 | 54.62% | 47.66% |  |
| 2 | 영원무역홀딩스 | 3,040,000 | 0.0831 | 345,080 | 21.30% | 11.35% |  |
| 3 | 삼성물산 | 1,623,000 | 0.0717 | 114,872 | 7.09% | 7.08% |  |
| 4 | 현대지에프홀딩스 | 711,900 | 0.0688 | 58,855 | 3.63% | 8.27% |  |
| 5 | 아모레퍼시픽홀딩스 | 465,300 | 0.0865 | 37,819 | 2.33% | 8.13% |  |
| 6 | 동아쏘시오홀딩스 | 1,068,000 | 0.0451 | 36,632 | 2.26% | 3.43% |  |
| 7 | 오리온홀딩스 | 699,840 | 0.0468 | 34,752 | 2.15% | 4.97% |  |
| 8 | LG디스플레이 | 1,027,320 | 0.0526 | 34,423 | 2.13% | 3.35% |  |
| 9 | 강원랜드 | 1,084,800 | 0.0427 | 33,911 | 2.09% | 3.13% |  |
| 10 | LG유플러스 | 890,320 | 0.0425 | 20,995 | 1.30% | 2.36% |  |

- Σ cVaR (all names) = 1,619,721 KRW
