# 포트폴리오 보고서 (기준일: 2025-10-27)

## 요약
- 포트폴리오 **누적 수익률**: **3.35%**  (V₀=11,045,878, Vₜ=11,421,840)
- 포트폴리오 **일일 수익률**: **1.50%**  (공통 거래일: 2025-10-24 → 2025-10-27)
- KOSPI **일일 수익률**: **2.54%**  (비교 기준일: 2025-10-27)
- **초과수익률(일일)**: **-1.03%**

## 개별 종목 현황 (오늘 기준)

| name | code | shares | buy_price | last_date | close_last | r_i_cum | r_i_daily |
|---|---:|---:|---:|---|---:|---:|---:|
| KT | 030200 | 16 | 52,901 | 2025-10-27 | 49,700 | -6.24% | 0.10% |
| LG디스플레이 | 034220 | 84 | 11,940 | 2025-10-27 | 14,240 | 17.62% | 3.36% |
| LG유플러스 | 032640 | 62 | 14,955 | 2025-10-27 | 15,290 | 2.22% | 0.79% |
| 강원랜드 | 035250 | 60 | 18,291 | 2025-10-27 | 17,090 | -6.79% | 0.00% |
| 동아쏘시오홀딩스 | 000640 | 10 | 109,982 | 2025-10-27 | 109,700 | -0.26% | -0.18% |
| 삼성물산 | 028260 | 6 | 173,255 | 2025-10-27 | 215,500 | 21.82% | 3.06% |
| 세아베스틸지주 | 001430 | 32 | 27,976 | 2025-10-27 | 28,150 | 0.62% | -0.53% |
| 아모레퍼시픽홀딩스 | 002790 | 18 | 27,825 | 2025-10-27 | 25,250 | -9.71% | 0.20% |
| 영원무역홀딩스 | 009970 | 16 | 133,954 | 2025-10-27 | 143,000 | 6.53% | 2.91% |
| 오리온홀딩스 | 001800 | 36 | 21,026 | 2025-10-27 | 19,350 | -8.31% | 0.83% |
| 현대지에프홀딩스 | 005440 | 90 | 8,180 | 2025-10-27 | 8,080 | -1.23% | 2.51% |

## Beta (1Y, 일간 로그수익률)
- 기준일: **2025-10-27**, 윈도우: **2024-10-27 ~ 2025-10-27**

### 포트폴리오 Beta
- 관측치 수: **241**  (공통 거래일 기준)
- 기간: **2024-10-29 ~ 2025-10-27**
- **Beta (직접법)**: **0.6142**

### 개별 종목 Beta
| name | code | n | period | beta |
|---|---:|---:|---|---:|
| KT | 030200 | 242 | 2024-10-28 ~ 2025-10-27 | 0.2647 |
| LG디스플레이 | 034220 | 242 | 2024-10-28 ~ 2025-10-27 | 1.2251 |
| LG유플러스 | 032640 | 242 | 2024-10-28 ~ 2025-10-27 | 0.2506 |
| 강원랜드 | 035250 | 242 | 2024-10-28 ~ 2025-10-27 | 0.3948 |
| 동아쏘시오홀딩스 | 000640 | 242 | 2024-10-28 ~ 2025-10-27 | 0.2376 |
| 삼성물산 | 028260 | 242 | 2024-10-28 ~ 2025-10-27 | 1.1108 |
| 세아베스틸지주 | 001430 | 242 | 2024-10-28 ~ 2025-10-27 | 0.6378 |
| 아모레퍼시픽홀딩스 | 002790 | 242 | 2024-10-28 ~ 2025-10-27 | 0.8506 |
| 영원무역홀딩스 | 009970 | 242 | 2024-10-28 ~ 2025-10-27 | 0.5930 |
| 오리온홀딩스 | 001800 | 242 | 2024-10-28 ~ 2025-10-27 | 0.6375 |
| 현대지에프홀딩스 | 005440 | 242 | 2024-10-28 ~ 2025-10-27 | 0.7863 |

## EWMA Vol (1Y, λ=0.94, Daily)
- 기준일: **2025-10-27**, 윈도우: **2024-10-27 ~ 2025-10-27**
- 결과는 **일간 표준편차(σ)**이며 **연간화하지 않음**

| name | code | n | period | ewma_sigma_daily |
|---|---:|---:|---|---:|
| KT | 030200 | 242 | 2024-10-28 ~ 2025-10-27 | 0.012216 |
| LG디스플레이 | 034220 | 242 | 2024-10-28 ~ 2025-10-27 | 0.033272 |
| LG유플러스 | 032640 | 242 | 2024-10-28 ~ 2025-10-27 | 0.014584 |
| 강원랜드 | 035250 | 242 | 2024-10-28 ~ 2025-10-27 | 0.009451 |
| 동아쏘시오홀딩스 | 000640 | 242 | 2024-10-28 ~ 2025-10-27 | 0.016193 |
| 삼성물산 | 028260 | 242 | 2024-10-28 ~ 2025-10-27 | 0.025821 |
| 세아베스틸지주 | 001430 | 242 | 2024-10-28 ~ 2025-10-27 | 0.029730 |
| 아모레퍼시픽홀딩스 | 002790 | 242 | 2024-10-28 ~ 2025-10-27 | 0.013929 |
| 영원무역홀딩스 | 009970 | 242 | 2024-10-28 ~ 2025-10-27 | 0.019182 |
| 오리온홀딩스 | 001800 | 242 | 2024-10-28 ~ 2025-10-27 | 0.014643 |
| 현대지에프홀딩스 | 005440 | 242 | 2024-10-28 ~ 2025-10-27 | 0.026821 |
## 종목 간 상관관계 (1년)

- 기준일: 2025-10-27  | 기간: 2024-10-27 ~ 2025-10-27


| name | 동아쏘시오홀딩스 | 세아베스틸지주 | 오리온홀딩스 | 아모레퍼시픽홀딩스 | 현대지에프홀딩스 | 영원무역홀딩스 | 삼성물산 | KT | LG유플러스 | 강원랜드 | LG디스플레이 |
|---|---:|---:|---:|---:|---:|---:|---:|---:|---:|---:|---:|
| 동아쏘시오홀딩스 | 1.0000 | 0.1390 | 0.2918 | 0.2148 | 0.3083 | 0.2200 | 0.1114 | 0.0083 | 0.0737 | 0.1541 | 0.1746 |
| 세아베스틸지주 | 0.1390 | 1.0000 | 0.1804 | 0.2441 | 0.2427 | 0.2494 | 0.0920 | 0.0273 | 0.0580 | 0.2291 | 0.1157 |
| 오리온홀딩스 | 0.2918 | 0.1804 | 1.0000 | 0.3586 | 0.5113 | 0.3978 | 0.3122 | 0.1732 | 0.2344 | 0.2192 | 0.1566 |
| 아모레퍼시픽홀딩스 | 0.2148 | 0.2441 | 0.3586 | 1.0000 | 0.3264 | 0.2666 | 0.4486 | 0.1684 | 0.0899 | 0.2677 | 0.2442 |
| 현대지에프홀딩스 | 0.3083 | 0.2427 | 0.5113 | 0.3264 | 1.0000 | 0.3953 | 0.3824 | 0.1630 | 0.1741 | 0.3004 | 0.1632 |
| 영원무역홀딩스 | 0.2200 | 0.2494 | 0.3978 | 0.2666 | 0.3953 | 1.0000 | 0.2753 | 0.1991 | 0.1531 | 0.1348 | 0.1494 |
| 삼성물산 | 0.1114 | 0.0920 | 0.3122 | 0.4486 | 0.3824 | 0.2753 | 1.0000 | 0.1467 | 0.1496 | 0.1711 | 0.2594 |
| KT | 0.0083 | 0.0273 | 0.1732 | 0.1684 | 0.1630 | 0.1991 | 0.1467 | 1.0000 | 0.3862 | 0.1758 | 0.0367 |
| LG유플러스 | 0.0737 | 0.0580 | 0.2344 | 0.0899 | 0.1741 | 0.1531 | 0.1496 | 0.3862 | 1.0000 | 0.2131 | 0.1313 |
| 강원랜드 | 0.1541 | 0.2291 | 0.2192 | 0.2677 | 0.3004 | 0.1348 | 0.1711 | 0.1758 | 0.2131 | 1.0000 | 0.3038 |
| LG디스플레이 | 0.1746 | 0.1157 | 0.1566 | 0.2442 | 0.1632 | 0.1494 | 0.2594 | 0.0367 | 0.1313 | 0.3038 | 1.0000 |

## 포트폴리오 VaR (10-day, 99%) — 2025-10-27

- Total portfolio value (used): 11,421,840 KRW
- z-score: 2.33
- Portfolio σ (money, 10d): 391,829 KRW
- **Portfolio VaR (10d, 99%)**: **912,963 KRW**
- VaR / Portfolio value: **7.99%** → ✅ 15% 이하

## Top 10 Component VaR

| Rank | Name | Position (KRW) | σ10d | cVaR (KRW) | cVaR/Port | cVaR/Pos | Note |
|---:|---|---:|---:|---:|---:|---:|---|
| 1 | 영원무역홀딩스 | 2,288,000 | 0.0576 | 213,000 | 23.33% | 9.31% |  |
| 2 | 삼성물산 | 1,293,000 | 0.0798 | 147,915 | 16.20% | 11.44% |  |
| 3 | LG디스플레이 | 1,196,160 | 0.0837 | 122,265 | 13.39% | 10.22% |  |
| 4 | 세아베스틸지주 | 900,800 | 0.1055 | 109,771 | 12.02% | 12.19% |  |
| 5 | 현대지에프홀딩스 | 727,200 | 0.0882 | 98,590 | 10.80% | 13.56% |  |
| 6 | 동아쏘시오홀딩스 | 1,097,000 | 0.0515 | 57,095 | 6.25% | 5.20% |  |
| 7 | 오리온홀딩스 | 696,600 | 0.0467 | 44,439 | 4.87% | 6.38% |  |
| 8 | LG유플러스 | 947,980 | 0.0499 | 40,512 | 4.44% | 4.27% |  |
| 9 | 강원랜드 | 1,025,400 | 0.0325 | 34,934 | 3.83% | 3.41% |  |
| 10 | 아모레퍼시픽홀딩스 | 454,500 | 0.0443 | 25,318 | 2.77% | 5.57% |  |

- Σ cVaR (all names) = 912,963 KRW
