# 포트폴리오 보고서 (기준일: 2025-12-04)

## 요약
- 포트폴리오 **누적 수익률**: **12.35%**  (V₀=11,045,878, Vₜ=12,498,000)
- 포트폴리오 **일일 수익률**: **0.28%**  (공통 거래일: 2025-12-03 → 2025-12-04)
- KOSPI **일일 수익률**: **-0.19%**  (비교 기준일: 2025-12-04)
- **초과수익률(일일)**: **0.47%**

## 개별 종목 현황 (오늘 기준)

| name | code | shares | buy_price | last_date | close_last | r_i_cum | r_i_daily |
|---|---:|---:|---:|---|---:|---:|---:|
| KT | 030200 | 16 | 52,901 | 2025-12-04 | 53,100 | 0.38% | 0.19% |
| LG디스플레이 | 034220 | 84 | 11,940 | 2025-12-04 | 12,850 | 7.34% | 0.47% |
| LG유플러스 | 032640 | 62 | 14,955 | 2025-12-04 | 15,250 | 1.95% | 0.07% |
| 강원랜드 | 035250 | 60 | 18,291 | 2025-12-04 | 18,000 | -1.60% | -0.66% |
| 동아쏘시오홀딩스 | 000640 | 10 | 109,982 | 2025-12-04 | 121,900 | 10.29% | 0.82% |
| 삼성물산 | 028260 | 6 | 173,255 | 2025-12-04 | 240,500 | 32.80% | -2.06% |
| 세아베스틸지주 | 001430 | 32 | 27,976 | 2025-12-04 | 28,050 | 0.26% | -0.71% |
| 아모레퍼시픽홀딩스 | 002790 | 18 | 27,825 | 2025-12-04 | 28,000 | 0.63% | -2.12% |
| 영원무역홀딩스 | 009970 | 16 | 133,954 | 2025-12-04 | 186,000 | 32.83% | 1.68% |
| 오리온홀딩스 | 001800 | 36 | 21,026 | 2025-12-04 | 20,600 | -2.05% | 1.71% |
| 현대지에프홀딩스 | 005440 | 90 | 8,180 | 2025-12-04 | 8,470 | 3.48% | 1.31% |

## Beta (1Y, 일간 로그수익률)
- 기준일: **2025-12-04**, 윈도우: **2024-12-04 ~ 2025-12-04**

### 포트폴리오 Beta
- 관측치 수: **242**  (공통 거래일 기준)
- 기간: **2024-12-05 ~ 2025-12-04**
- **Beta (직접법)**: **0.5886**

### 개별 종목 Beta
| name | code | n | period | beta |
|---|---:|---:|---|---:|
| KT | 030200 | 243 | 2024-12-04 ~ 2025-12-04 | 0.2849 |
| LG디스플레이 | 034220 | 243 | 2024-12-04 ~ 2025-12-04 | 1.1392 |
| LG유플러스 | 032640 | 243 | 2024-12-04 ~ 2025-12-04 | 0.1968 |
| 강원랜드 | 035250 | 243 | 2024-12-04 ~ 2025-12-04 | 0.3473 |
| 동아쏘시오홀딩스 | 000640 | 243 | 2024-12-04 ~ 2025-12-04 | 0.2504 |
| 삼성물산 | 028260 | 243 | 2024-12-04 ~ 2025-12-04 | 1.0684 |
| 세아베스틸지주 | 001430 | 243 | 2024-12-04 ~ 2025-12-04 | 0.6097 |
| 아모레퍼시픽홀딩스 | 002790 | 243 | 2024-12-04 ~ 2025-12-04 | 0.7003 |
| 영원무역홀딩스 | 009970 | 243 | 2024-12-04 ~ 2025-12-04 | 0.5983 |
| 오리온홀딩스 | 001800 | 243 | 2024-12-04 ~ 2025-12-04 | 0.6299 |
| 현대지에프홀딩스 | 005440 | 243 | 2024-12-04 ~ 2025-12-04 | 0.8055 |

## EWMA Vol (1Y, λ=0.94, Daily)
- 기준일: **2025-12-04**, 윈도우: **2024-12-04 ~ 2025-12-04**
- 결과는 **일간 표준편차(σ)**이며 **연간화하지 않음**

| name | code | n | period | ewma_sigma_daily |
|---|---:|---:|---|---:|
| KT | 030200 | 243 | 2024-12-04 ~ 2025-12-04 | 0.014530 |
| LG디스플레이 | 034220 | 243 | 2024-12-04 ~ 2025-12-04 | 0.025004 |
| LG유플러스 | 032640 | 243 | 2024-12-04 ~ 2025-12-04 | 0.018882 |
| 강원랜드 | 035250 | 243 | 2024-12-04 ~ 2025-12-04 | 0.010564 |
| 동아쏘시오홀딩스 | 000640 | 243 | 2024-12-04 ~ 2025-12-04 | 0.018322 |
| 삼성물산 | 028260 | 243 | 2024-12-04 ~ 2025-12-04 | 0.034645 |
| 세아베스틸지주 | 001430 | 243 | 2024-12-04 ~ 2025-12-04 | 0.023932 |
| 아모레퍼시픽홀딩스 | 002790 | 243 | 2024-12-04 ~ 2025-12-04 | 0.026301 |
| 영원무역홀딩스 | 009970 | 243 | 2024-12-04 ~ 2025-12-04 | 0.037620 |
| 오리온홀딩스 | 001800 | 243 | 2024-12-04 ~ 2025-12-04 | 0.017992 |
| 현대지에프홀딩스 | 005440 | 243 | 2024-12-04 ~ 2025-12-04 | 0.026915 |
## 종목 간 상관관계 (1년)

- 기준일: 2025-12-04  | 기간: 2024-12-04 ~ 2025-12-04


| name | 동아쏘시오홀딩스 | 세아베스틸지주 | 오리온홀딩스 | 아모레퍼시픽홀딩스 | 현대지에프홀딩스 | 영원무역홀딩스 | 삼성물산 | KT | LG유플러스 | 강원랜드 | LG디스플레이 |
|---|---:|---:|---:|---:|---:|---:|---:|---:|---:|---:|---:|
| 동아쏘시오홀딩스 | 1.0000 | 0.1900 | 0.3198 | 0.1924 | 0.3248 | 0.2368 | 0.1887 | 0.0340 | 0.1176 | 0.1726 | 0.2046 |
| 세아베스틸지주 | 0.1900 | 1.0000 | 0.2365 | 0.3043 | 0.2759 | 0.1597 | 0.1210 | 0.1049 | 0.1148 | 0.3043 | 0.1658 |
| 오리온홀딩스 | 0.3198 | 0.2365 | 1.0000 | 0.3921 | 0.5668 | 0.3566 | 0.3263 | 0.1993 | 0.2437 | 0.2616 | 0.1749 |
| 아모레퍼시픽홀딩스 | 0.1924 | 0.3043 | 0.3921 | 1.0000 | 0.3238 | 0.2025 | 0.3613 | 0.2290 | 0.1715 | 0.2995 | 0.2126 |
| 현대지에프홀딩스 | 0.3248 | 0.2759 | 0.5668 | 0.3238 | 1.0000 | 0.4314 | 0.4089 | 0.2469 | 0.2181 | 0.3365 | 0.1991 |
| 영원무역홀딩스 | 0.2368 | 0.1597 | 0.3566 | 0.2025 | 0.4314 | 1.0000 | 0.2621 | 0.2572 | 0.1858 | 0.1651 | 0.1651 |
| 삼성물산 | 0.1887 | 0.1210 | 0.3263 | 0.3613 | 0.4089 | 0.2621 | 1.0000 | 0.2223 | 0.1439 | 0.1764 | 0.2764 |
| KT | 0.0340 | 0.1049 | 0.1993 | 0.2290 | 0.2469 | 0.2572 | 0.2223 | 1.0000 | 0.3021 | 0.1793 | 0.0916 |
| LG유플러스 | 0.1176 | 0.1148 | 0.2437 | 0.1715 | 0.2181 | 0.1858 | 0.1439 | 0.3021 | 1.0000 | 0.2093 | 0.1733 |
| 강원랜드 | 0.1726 | 0.3043 | 0.2616 | 0.2995 | 0.3365 | 0.1651 | 0.1764 | 0.1793 | 0.2093 | 1.0000 | 0.2977 |
| LG디스플레이 | 0.2046 | 0.1658 | 0.1749 | 0.2126 | 0.1991 | 0.1651 | 0.2764 | 0.0916 | 0.1733 | 0.2977 | 1.0000 |

## 포트폴리오 VaR (10-day, 99%) — 2025-12-04

- Total portfolio value (used): 12,498,000 KRW
- z-score: 2.33
- Portfolio σ (money, 10d): 570,899 KRW
- **Portfolio VaR (10d, 99%)**: **1,330,195 KRW**
- VaR / Portfolio value: **10.64%** → ✅ 15% 이하

## Top 10 Component VaR

| Rank | Name | Position (KRW) | σ10d | cVaR (KRW) | cVaR/Port | cVaR/Pos | Note |
|---:|---|---:|---:|---:|---:|---:|---|
| 1 | 영원무역홀딩스 | 2,976,000 | 0.1044 | 590,356 | 44.38% | 19.84% |  |
| 2 | 삼성물산 | 1,443,000 | 0.0987 | 199,840 | 15.02% | 13.85% |  |
| 3 | 현대지에프홀딩스 | 762,300 | 0.0879 | 105,999 | 7.97% | 13.91% |  |
| 4 | 세아베스틸지주 | 897,600 | 0.0890 | 76,258 | 5.73% | 8.50% |  |
| 5 | 동아쏘시오홀딩스 | 1,219,000 | 0.0575 | 73,453 | 5.52% | 6.03% |  |
| 6 | LG디스플레이 | 1,079,400 | 0.0644 | 68,388 | 5.14% | 6.34% |  |
| 7 | 오리온홀딩스 | 741,600 | 0.0559 | 56,825 | 4.27% | 7.66% |  |
| 8 | 아모레퍼시픽홀딩스 | 504,000 | 0.0821 | 46,423 | 3.49% | 9.21% |  |
| 9 | LG유플러스 | 945,500 | 0.0541 | 43,693 | 3.28% | 4.62% |  |
| 10 | 강원랜드 | 1,080,000 | 0.0368 | 38,258 | 2.88% | 3.54% |  |

- Σ cVaR (all names) = 1,330,195 KRW
