# 포트폴리오 보고서 (기준일: 2025-10-31)

## 요약
- 포트폴리오 **누적 수익률**: **3.30%**  (V₀=11,045,878, Vₜ=11,417,040)
- 포트폴리오 **일일 수익률**: **0.70%**  (공통 거래일: 2025-10-30 → 2025-10-31)
- KOSPI **일일 수익률**: **0.50%**  (비교 기준일: 2025-10-31)
- **초과수익률(일일)**: **0.20%**

## 개별 종목 현황 (오늘 기준)

| name | code | shares | buy_price | last_date | close_last | r_i_cum | r_i_daily |
|---|---:|---:|---:|---|---:|---:|---:|
| KT | 030200 | 16 | 52,901 | 2025-10-31 | 49,150 | -7.35% | -0.41% |
| LG디스플레이 | 034220 | 84 | 11,940 | 2025-10-31 | 14,700 | 20.80% | 5.24% |
| LG유플러스 | 032640 | 62 | 14,955 | 2025-10-31 | 15,240 | 1.89% | 2.73% |
| 강원랜드 | 035250 | 60 | 18,291 | 2025-10-31 | 16,880 | -8.03% | -0.53% |
| 동아쏘시오홀딩스 | 000640 | 10 | 109,982 | 2025-10-31 | 108,500 | -1.36% | 0.09% |
| 삼성물산 | 028260 | 6 | 173,255 | 2025-10-31 | 226,000 | 26.58% | -0.44% |
| 세아베스틸지주 | 001430 | 32 | 27,976 | 2025-10-31 | 27,500 | -1.72% | 0.00% |
| 아모레퍼시픽홀딩스 | 002790 | 18 | 27,825 | 2025-10-31 | 25,400 | -9.12% | -1.95% |
| 영원무역홀딩스 | 009970 | 16 | 133,954 | 2025-10-31 | 142,100 | 5.90% | 0.49% |
| 오리온홀딩스 | 001800 | 36 | 21,026 | 2025-10-31 | 19,010 | -10.08% | -0.16% |
| 현대지에프홀딩스 | 005440 | 90 | 8,180 | 2025-10-31 | 7,800 | -4.76% | 0.51% |

## Beta (1Y, 일간 로그수익률)
- 기준일: **2025-10-31**, 윈도우: **2024-10-31 ~ 2025-10-31**

### 포트폴리오 Beta
- 관측치 수: **242**  (공통 거래일 기준)
- 기간: **2024-11-01 ~ 2025-10-31**
- **Beta (직접법)**: **0.6182**

### 개별 종목 Beta
| name | code | n | period | beta |
|---|---:|---:|---|---:|
| KT | 030200 | 243 | 2024-10-31 ~ 2025-10-31 | 0.2701 |
| LG디스플레이 | 034220 | 243 | 2024-10-31 ~ 2025-10-31 | 1.2227 |
| LG유플러스 | 032640 | 243 | 2024-10-31 ~ 2025-10-31 | 0.2540 |
| 강원랜드 | 035250 | 243 | 2024-10-31 ~ 2025-10-31 | 0.3869 |
| 동아쏘시오홀딩스 | 000640 | 243 | 2024-10-31 ~ 2025-10-31 | 0.2440 |
| 삼성물산 | 028260 | 243 | 2024-10-31 ~ 2025-10-31 | 1.1438 |
| 세아베스틸지주 | 001430 | 243 | 2024-10-31 ~ 2025-10-31 | 0.6036 |
| 아모레퍼시픽홀딩스 | 002790 | 243 | 2024-10-31 ~ 2025-10-31 | 0.8299 |
| 영원무역홀딩스 | 009970 | 243 | 2024-10-31 ~ 2025-10-31 | 0.5929 |
| 오리온홀딩스 | 001800 | 243 | 2024-10-31 ~ 2025-10-31 | 0.6319 |
| 현대지에프홀딩스 | 005440 | 243 | 2024-10-31 ~ 2025-10-31 | 0.7708 |

## EWMA Vol (1Y, λ=0.94, Daily)
- 기준일: **2025-10-31**, 윈도우: **2024-10-31 ~ 2025-10-31**
- 결과는 **일간 표준편차(σ)**이며 **연간화하지 않음**

| name | code | n | period | ewma_sigma_daily |
|---|---:|---:|---|---:|
| KT | 030200 | 243 | 2024-10-31 ~ 2025-10-31 | 0.011011 |
| LG디스플레이 | 034220 | 243 | 2024-10-31 ~ 2025-10-31 | 0.033521 |
| LG유플러스 | 032640 | 243 | 2024-10-31 ~ 2025-10-31 | 0.015965 |
| 강원랜드 | 035250 | 243 | 2024-10-31 ~ 2025-10-31 | 0.009133 |
| 동아쏘시오홀딩스 | 000640 | 243 | 2024-10-31 ~ 2025-10-31 | 0.016085 |
| 삼성물산 | 028260 | 243 | 2024-10-31 ~ 2025-10-31 | 0.035463 |
| 세아베스틸지주 | 001430 | 243 | 2024-10-31 ~ 2025-10-31 | 0.030836 |
| 아모레퍼시픽홀딩스 | 002790 | 243 | 2024-10-31 ~ 2025-10-31 | 0.014566 |
| 영원무역홀딩스 | 009970 | 243 | 2024-10-31 ~ 2025-10-31 | 0.017304 |
| 오리온홀딩스 | 001800 | 243 | 2024-10-31 ~ 2025-10-31 | 0.013238 |
| 현대지에프홀딩스 | 005440 | 243 | 2024-10-31 ~ 2025-10-31 | 0.025352 |
## 종목 간 상관관계 (1년)

- 기준일: 2025-10-31  | 기간: 2024-10-31 ~ 2025-10-31


| name | 동아쏘시오홀딩스 | 세아베스틸지주 | 오리온홀딩스 | 아모레퍼시픽홀딩스 | 현대지에프홀딩스 | 영원무역홀딩스 | 삼성물산 | KT | LG유플러스 | 강원랜드 | LG디스플레이 |
|---|---:|---:|---:|---:|---:|---:|---:|---:|---:|---:|---:|
| 동아쏘시오홀딩스 | 1.0000 | 0.1457 | 0.2884 | 0.2096 | 0.3159 | 0.2291 | 0.1224 | 0.0099 | 0.0843 | 0.1597 | 0.1826 |
| 세아베스틸지주 | 0.1457 | 1.0000 | 0.1808 | 0.2434 | 0.2480 | 0.2405 | 0.0584 | 0.0320 | 0.0671 | 0.2411 | 0.1198 |
| 오리온홀딩스 | 0.2884 | 0.1808 | 1.0000 | 0.3573 | 0.5106 | 0.4063 | 0.2919 | 0.1732 | 0.2315 | 0.2218 | 0.1521 |
| 아모레퍼시픽홀딩스 | 0.2096 | 0.2434 | 0.3573 | 1.0000 | 0.3153 | 0.2687 | 0.4086 | 0.1714 | 0.0763 | 0.2652 | 0.2231 |
| 현대지에프홀딩스 | 0.3159 | 0.2480 | 0.5106 | 0.3153 | 1.0000 | 0.4019 | 0.3579 | 0.1699 | 0.1865 | 0.3034 | 0.1659 |
| 영원무역홀딩스 | 0.2291 | 0.2405 | 0.4063 | 0.2687 | 0.4019 | 1.0000 | 0.2783 | 0.2041 | 0.1551 | 0.1549 | 0.1631 |
| 삼성물산 | 0.1224 | 0.0584 | 0.2919 | 0.4086 | 0.3579 | 0.2783 | 1.0000 | 0.1523 | 0.1481 | 0.1614 | 0.2520 |
| KT | 0.0099 | 0.0320 | 0.1732 | 0.1714 | 0.1699 | 0.2041 | 0.1523 | 1.0000 | 0.3820 | 0.1807 | 0.0403 |
| LG유플러스 | 0.0843 | 0.0671 | 0.2315 | 0.0763 | 0.1865 | 0.1551 | 0.1481 | 0.3820 | 1.0000 | 0.2168 | 0.1553 |
| 강원랜드 | 0.1597 | 0.2411 | 0.2218 | 0.2652 | 0.3034 | 0.1549 | 0.1614 | 0.1807 | 0.2168 | 1.0000 | 0.2921 |
| LG디스플레이 | 0.1826 | 0.1198 | 0.1521 | 0.2231 | 0.1659 | 0.1631 | 0.2520 | 0.0403 | 0.1553 | 0.2921 | 1.0000 |

## 포트폴리오 VaR (10-day, 99%) — 2025-10-31

- Total portfolio value (used): 11,417,040 KRW
- z-score: 2.33
- Portfolio σ (money, 10d): 401,622 KRW
- **Portfolio VaR (10d, 99%)**: **935,779 KRW**
- VaR / Portfolio value: **8.20%** → ✅ 15% 이하

## Top 10 Component VaR

| Rank | Name | Position (KRW) | σ10d | cVaR (KRW) | cVaR/Port | cVaR/Pos | Note |
|---:|---|---:|---:|---:|---:|---:|---|
| 1 | 삼성물산 | 1,356,000 | 0.1045 | 219,308 | 23.44% | 16.17% |  |
| 2 | 영원무역홀딩스 | 2,273,600 | 0.0510 | 179,240 | 19.15% | 7.88% |  |
| 3 | LG디스플레이 | 1,234,800 | 0.0842 | 130,796 | 13.98% | 10.59% |  |
| 4 | 세아베스틸지주 | 880,000 | 0.1088 | 104,938 | 11.21% | 11.92% |  |
| 5 | 현대지에프홀딩스 | 702,000 | 0.0834 | 87,844 | 9.39% | 12.51% |  |
| 6 | 동아쏘시오홀딩스 | 1,085,000 | 0.0509 | 55,338 | 5.91% | 5.10% |  |
| 7 | LG유플러스 | 944,880 | 0.0540 | 45,104 | 4.82% | 4.77% |  |
| 8 | 오리온홀딩스 | 684,360 | 0.0424 | 38,160 | 4.08% | 5.58% |  |
| 9 | 강원랜드 | 1,012,800 | 0.0306 | 32,256 | 3.45% | 3.18% |  |
| 10 | 아모레퍼시픽홀딩스 | 457,200 | 0.0457 | 25,804 | 2.76% | 5.64% |  |

- Σ cVaR (all names) = 935,779 KRW
