# 포트폴리오 보고서 (기준일: 2025-11-04)

## 요약
- 포트폴리오 **누적 수익률**: **1.67%**  (V₀=11,045,878, Vₜ=11,231,580)
- 포트폴리오 **일일 수익률**: **-0.57%**  (공통 거래일: 2025-11-03 → 2025-11-04)
- KOSPI **일일 수익률**: **-2.40%**  (비교 기준일: 2025-11-04)
- **초과수익률(일일)**: **1.83%**

## 개별 종목 현황 (오늘 기준)

| name | code | shares | buy_price | last_date | close_last | r_i_cum | r_i_daily |
|---|---:|---:|---:|---|---:|---:|---:|
| KT | 030200 | 16 | 52,901 | 2025-11-04 | 48,400 | -8.89% | -1.64% |
| LG디스플레이 | 034220 | 84 | 11,940 | 2025-11-04 | 14,570 | 19.91% | 0.34% |
| LG유플러스 | 032640 | 62 | 14,955 | 2025-11-04 | 14,550 | -2.75% | -0.34% |
| 강원랜드 | 035250 | 60 | 18,291 | 2025-11-04 | 16,920 | -7.79% | 0.59% |
| 동아쏘시오홀딩스 | 000640 | 10 | 109,982 | 2025-11-04 | 108,500 | -1.36% | 0.37% |
| 삼성물산 | 028260 | 6 | 173,255 | 2025-11-04 | 221,000 | 24.34% | -2.46% |
| 세아베스틸지주 | 001430 | 32 | 27,976 | 2025-11-04 | 27,600 | -1.35% | 2.75% |
| 아모레퍼시픽홀딩스 | 002790 | 18 | 27,825 | 2025-11-04 | 25,600 | -8.33% | 0.59% |
| 영원무역홀딩스 | 009970 | 16 | 133,954 | 2025-11-04 | 136,500 | 1.88% | -2.75% |
| 오리온홀딩스 | 001800 | 36 | 21,026 | 2025-11-04 | 18,950 | -10.40% | -0.05% |
| 현대지에프홀딩스 | 005440 | 90 | 8,180 | 2025-11-04 | 7,720 | -5.79% | 0.65% |

## Beta (1Y, 일간 로그수익률)
- 기준일: **2025-11-04**, 윈도우: **2024-11-04 ~ 2025-11-04**

### 포트폴리오 Beta
- 관측치 수: **242**  (공통 거래일 기준)
- 기간: **2024-11-05 ~ 2025-11-04**
- **Beta (직접법)**: **0.5944**

### 개별 종목 Beta
| name | code | n | period | beta |
|---|---:|---:|---|---:|
| KT | 030200 | 243 | 2024-11-04 ~ 2025-11-04 | 0.2743 |
| LG디스플레이 | 034220 | 243 | 2024-11-04 ~ 2025-11-04 | 1.1738 |
| LG유플러스 | 032640 | 243 | 2024-11-04 ~ 2025-11-04 | 0.2230 |
| 강원랜드 | 035250 | 243 | 2024-11-04 ~ 2025-11-04 | 0.3726 |
| 동아쏘시오홀딩스 | 000640 | 243 | 2024-11-04 ~ 2025-11-04 | 0.2398 |
| 삼성물산 | 028260 | 243 | 2024-11-04 ~ 2025-11-04 | 1.0911 |
| 세아베스틸지주 | 001430 | 243 | 2024-11-04 ~ 2025-11-04 | 0.5543 |
| 아모레퍼시픽홀딩스 | 002790 | 243 | 2024-11-04 ~ 2025-11-04 | 0.7998 |
| 영원무역홀딩스 | 009970 | 243 | 2024-11-04 ~ 2025-11-04 | 0.5898 |
| 오리온홀딩스 | 001800 | 243 | 2024-11-04 ~ 2025-11-04 | 0.6182 |
| 현대지에프홀딩스 | 005440 | 243 | 2024-11-04 ~ 2025-11-04 | 0.7303 |

## EWMA Vol (1Y, λ=0.94, Daily)
- 기준일: **2025-11-04**, 윈도우: **2024-11-04 ~ 2025-11-04**
- 결과는 **일간 표준편차(σ)**이며 **연간화하지 않음**

| name | code | n | period | ewma_sigma_daily |
|---|---:|---:|---|---:|
| KT | 030200 | 243 | 2024-11-04 ~ 2025-11-04 | 0.011105 |
| LG디스플레이 | 034220 | 243 | 2024-11-04 ~ 2025-11-04 | 0.031656 |
| LG유플러스 | 032640 | 243 | 2024-11-04 ~ 2025-11-04 | 0.018158 |
| 강원랜드 | 035250 | 243 | 2024-11-04 ~ 2025-11-04 | 0.008748 |
| 동아쏘시오홀딩스 | 000640 | 243 | 2024-11-04 ~ 2025-11-04 | 0.015173 |
| 삼성물산 | 028260 | 243 | 2024-11-04 ~ 2025-11-04 | 0.033879 |
| 세아베스틸지주 | 001430 | 243 | 2024-11-04 ~ 2025-11-04 | 0.030298 |
| 아모레퍼시픽홀딩스 | 002790 | 243 | 2024-11-04 ~ 2025-11-04 | 0.013775 |
| 영원무역홀딩스 | 009970 | 243 | 2024-11-04 ~ 2025-11-04 | 0.017860 |
| 오리온홀딩스 | 001800 | 243 | 2024-11-04 ~ 2025-11-04 | 0.012460 |
| 현대지에프홀딩스 | 005440 | 243 | 2024-11-04 ~ 2025-11-04 | 0.024216 |
## 종목 간 상관관계 (1년)

- 기준일: 2025-11-04  | 기간: 2024-11-04 ~ 2025-11-04


| name | 동아쏘시오홀딩스 | 세아베스틸지주 | 오리온홀딩스 | 아모레퍼시픽홀딩스 | 현대지에프홀딩스 | 영원무역홀딩스 | 삼성물산 | KT | LG유플러스 | 강원랜드 | LG디스플레이 |
|---|---:|---:|---:|---:|---:|---:|---:|---:|---:|---:|---:|
| 동아쏘시오홀딩스 | 1.0000 | 0.1417 | 0.2906 | 0.2385 | 0.3173 | 0.2207 | 0.1654 | 0.0086 | 0.0858 | 0.1509 | 0.1793 |
| 세아베스틸지주 | 0.1417 | 1.0000 | 0.1808 | 0.2527 | 0.2490 | 0.2338 | 0.0635 | 0.0278 | 0.0750 | 0.2403 | 0.1190 |
| 오리온홀딩스 | 0.2906 | 0.1808 | 1.0000 | 0.3625 | 0.5118 | 0.4052 | 0.3103 | 0.1731 | 0.2290 | 0.2218 | 0.1535 |
| 아모레퍼시픽홀딩스 | 0.2385 | 0.2527 | 0.3625 | 1.0000 | 0.3216 | 0.2779 | 0.3939 | 0.1722 | 0.0743 | 0.2799 | 0.2319 |
| 현대지에프홀딩스 | 0.3173 | 0.2490 | 0.5118 | 0.3216 | 1.0000 | 0.4002 | 0.3687 | 0.1684 | 0.1923 | 0.3034 | 0.1647 |
| 영원무역홀딩스 | 0.2207 | 0.2338 | 0.4052 | 0.2779 | 0.4002 | 1.0000 | 0.3087 | 0.2087 | 0.1626 | 0.1482 | 0.1611 |
| 삼성물산 | 0.1654 | 0.0635 | 0.3103 | 0.3939 | 0.3687 | 0.3087 | 1.0000 | 0.1628 | 0.1543 | 0.1819 | 0.2616 |
| KT | 0.0086 | 0.0278 | 0.1731 | 0.1722 | 0.1684 | 0.2087 | 0.1628 | 1.0000 | 0.3750 | 0.1784 | 0.0394 |
| LG유플러스 | 0.0858 | 0.0750 | 0.2290 | 0.0743 | 0.1923 | 0.1626 | 0.1543 | 0.3750 | 1.0000 | 0.2157 | 0.1592 |
| 강원랜드 | 0.1509 | 0.2403 | 0.2218 | 0.2799 | 0.3034 | 0.1482 | 0.1819 | 0.1784 | 0.2157 | 1.0000 | 0.2905 |
| LG디스플레이 | 0.1793 | 0.1190 | 0.1535 | 0.2319 | 0.1647 | 0.1611 | 0.2616 | 0.0394 | 0.1592 | 0.2905 | 1.0000 |

## 포트폴리오 VaR (10-day, 99%) — 2025-11-04

- Total portfolio value (used): 11,231,580 KRW
- z-score: 2.33
- Portfolio σ (money, 10d): 390,737 KRW
- **Portfolio VaR (10d, 99%)**: **910,416 KRW**
- VaR / Portfolio value: **8.11%** → ✅ 15% 이하

## Top 10 Component VaR

| Rank | Name | Position (KRW) | σ10d | cVaR (KRW) | cVaR/Port | cVaR/Pos | Note |
|---:|---|---:|---:|---:|---:|---:|---|
| 1 | 삼성물산 | 1,326,000 | 0.1001 | 208,283 | 22.88% | 15.71% |  |
| 2 | 영원무역홀딩스 | 2,184,000 | 0.0528 | 180,889 | 19.87% | 8.28% |  |
| 3 | LG디스플레이 | 1,223,880 | 0.0785 | 118,388 | 13.00% | 9.67% |  |
| 4 | 세아베스틸지주 | 883,200 | 0.1074 | 104,688 | 11.50% | 11.85% |  |
| 5 | 현대지에프홀딩스 | 694,800 | 0.0804 | 83,759 | 9.20% | 12.06% |  |
| 6 | 동아쏘시오홀딩스 | 1,085,000 | 0.0485 | 53,527 | 5.88% | 4.93% |  |
| 7 | LG유플러스 | 902,100 | 0.0616 | 51,530 | 5.66% | 5.71% |  |
| 8 | 오리온홀딩스 | 682,200 | 0.0401 | 36,140 | 3.97% | 5.30% |  |
| 9 | 강원랜드 | 1,015,200 | 0.0293 | 30,981 | 3.40% | 3.05% |  |
| 10 | 아모레퍼시픽홀딩스 | 460,800 | 0.0437 | 24,946 | 2.74% | 5.41% |  |

- Σ cVaR (all names) = 910,416 KRW
