# 포트폴리오 보고서 (기준일: 2026-01-16)

## 요약
- 포트폴리오 **누적 수익률**: **22.28%**  (V₀=11,045,878, Vₜ=13,802,240)
- 포트폴리오 **일일 수익률**: **0.08%**  (공통 거래일: 2026-01-15 → 2026-01-16)
- KOSPI **일일 수익률**: **1.23%**  (비교 기준일: 2025-09-16)
- **초과수익률(일일)**: **-1.15%**

## 개별 종목 현황 (오늘 기준)

| name | code | shares | buy_price | last_date | close_last | r_i_cum | r_i_daily |
|---|---:|---:|---:|---|---:|---:|---:|
| KT | 030200 | 16 | 52,901 | 2026-01-16 | 53,900 | 1.87% | 1.12% |
| LG디스플레이 | 034220 | 84 | 11,940 | 2026-01-16 | 12,520 | 4.74% | 2.26% |
| LG유플러스 | 032640 | 62 | 14,955 | 2026-01-16 | 14,930 | -0.17% | -2.06% |
| 강원랜드 | 035250 | 60 | 18,291 | 2026-01-16 | 17,780 | -2.83% | -1.17% |
| 동아쏘시오홀딩스 | 000640 | 10 | 109,982 | 2026-01-16 | 103,500 | -6.07% | 0.29% |
| 삼성물산 | 028260 | 6 | 173,255 | 2026-01-16 | 290,000 | 51.51% | 1.39% |
| 세아베스틸지주 | 001430 | 32 | 27,976 | 2026-01-16 | 67,900 | 88.67% | 1.04% |
| 아모레퍼시픽홀딩스 | 002790 | 18 | 27,825 | 2026-01-16 | 25,850 | -7.36% | -0.58% |
| 영원무역홀딩스 | 009970 | 16 | 133,954 | 2026-01-16 | 186,000 | 32.83% | -1.55% |
| 오리온홀딩스 | 001800 | 36 | 21,026 | 2026-01-16 | 20,300 | -3.51% | -0.49% |
| 현대지에프홀딩스 | 005440 | 90 | 8,180 | 2026-01-16 | 8,620 | 5.24% | 1.76% |

## Beta (1Y, 일간 로그수익률)
- 기준일: **2026-01-16**, 윈도우: **2025-01-16 ~ 2026-01-16**

### 포트폴리오 Beta
- 관측치 수: **162**  (공통 거래일 기준)
- 기간: **2025-01-17 ~ 2025-09-16**
- **Beta (직접법)**: **0.6611**

### 개별 종목 Beta
| name | code | n | period | beta |
|---|---:|---:|---|---:|
| KT | 030200 | 163 | 2025-01-16 ~ 2025-09-16 | 0.2811 |
| LG디스플레이 | 034220 | 163 | 2025-01-16 ~ 2025-09-16 | 1.2782 |
| LG유플러스 | 032640 | 163 | 2025-01-16 ~ 2025-09-16 | 0.2123 |
| 강원랜드 | 035250 | 163 | 2025-01-16 ~ 2025-09-16 | 0.3836 |
| 동아쏘시오홀딩스 | 000640 | 163 | 2025-01-16 ~ 2025-09-16 | 0.2654 |
| 삼성물산 | 028260 | 163 | 2025-01-16 ~ 2025-09-16 | 1.0076 |
| 세아베스틸지주 | 001430 | 163 | 2025-01-16 ~ 2025-09-16 | 0.6901 |
| 아모레퍼시픽홀딩스 | 002790 | 163 | 2025-01-16 ~ 2025-09-16 | 0.8566 |
| 영원무역홀딩스 | 009970 | 163 | 2025-01-16 ~ 2025-09-16 | 0.8029 |
| 오리온홀딩스 | 001800 | 163 | 2025-01-16 ~ 2025-09-16 | 0.7790 |
| 현대지에프홀딩스 | 005440 | 163 | 2025-01-16 ~ 2025-09-16 | 0.8635 |

## EWMA Vol (1Y, λ=0.94, Daily)
- 기준일: **2026-01-16**, 윈도우: **2025-01-16 ~ 2026-01-16**
- 결과는 **일간 표준편차(σ)**이며 **연간화하지 않음**

| name | code | n | period | ewma_sigma_daily |
|---|---:|---:|---|---:|
| KT | 030200 | 243 | 2025-01-16 ~ 2026-01-16 | 0.013699 |
| LG디스플레이 | 034220 | 243 | 2025-01-16 ~ 2026-01-16 | 0.020159 |
| LG유플러스 | 032640 | 243 | 2025-01-16 ~ 2026-01-16 | 0.015617 |
| 강원랜드 | 035250 | 243 | 2025-01-16 ~ 2026-01-16 | 0.011184 |
| 동아쏘시오홀딩스 | 000640 | 243 | 2025-01-16 ~ 2026-01-16 | 0.013209 |
| 삼성물산 | 028260 | 243 | 2025-01-16 ~ 2026-01-16 | 0.023204 |
| 세아베스틸지주 | 001430 | 243 | 2025-01-16 ~ 2026-01-16 | 0.066200 |
| 아모레퍼시픽홀딩스 | 002790 | 243 | 2025-01-16 ~ 2026-01-16 | 0.023592 |
| 영원무역홀딩스 | 009970 | 243 | 2025-01-16 ~ 2026-01-16 | 0.027843 |
| 오리온홀딩스 | 001800 | 243 | 2025-01-16 ~ 2026-01-16 | 0.014228 |
| 현대지에프홀딩스 | 005440 | 243 | 2025-01-16 ~ 2026-01-16 | 0.023186 |
## 종목 간 상관관계 (1년)

- 기준일: 2026-01-16  | 기간: 2025-01-16 ~ 2026-01-16


| name | 동아쏘시오홀딩스 | 세아베스틸지주 | 오리온홀딩스 | 아모레퍼시픽홀딩스 | 현대지에프홀딩스 | 영원무역홀딩스 | 삼성물산 | KT | LG유플러스 | 강원랜드 | LG디스플레이 |
|---|---:|---:|---:|---:|---:|---:|---:|---:|---:|---:|---:|
| 동아쏘시오홀딩스 | 1.0000 | 0.0835 | 0.3293 | 0.1667 | 0.3517 | 0.2330 | 0.1630 | 0.0737 | 0.1234 | 0.1773 | 0.2018 |
| 세아베스틸지주 | 0.0835 | 1.0000 | 0.1269 | 0.1999 | 0.1347 | 0.0732 | 0.0589 | 0.0080 | 0.0265 | 0.0930 | 0.0378 |
| 오리온홀딩스 | 0.3293 | 0.1269 | 1.0000 | 0.3558 | 0.5774 | 0.3710 | 0.3050 | 0.2107 | 0.2423 | 0.2255 | 0.1399 |
| 아모레퍼시픽홀딩스 | 0.1667 | 0.1999 | 0.3558 | 1.0000 | 0.3017 | 0.1740 | 0.3210 | 0.1739 | 0.1237 | 0.2191 | 0.1491 |
| 현대지에프홀딩스 | 0.3517 | 0.1347 | 0.5774 | 0.3017 | 1.0000 | 0.4391 | 0.3805 | 0.2193 | 0.1966 | 0.3132 | 0.1672 |
| 영원무역홀딩스 | 0.2330 | 0.0732 | 0.3710 | 0.1740 | 0.4391 | 1.0000 | 0.2637 | 0.2366 | 0.1839 | 0.1779 | 0.1343 |
| 삼성물산 | 0.1630 | 0.0589 | 0.3050 | 0.3210 | 0.3805 | 0.2637 | 1.0000 | 0.2011 | 0.1128 | 0.1121 | 0.2545 |
| KT | 0.0737 | 0.0080 | 0.2107 | 0.1739 | 0.2193 | 0.2366 | 0.2011 | 1.0000 | 0.2855 | 0.1913 | 0.0886 |
| LG유플러스 | 0.1234 | 0.0265 | 0.2423 | 0.1237 | 0.1966 | 0.1839 | 0.1128 | 0.2855 | 1.0000 | 0.2024 | 0.1547 |
| 강원랜드 | 0.1773 | 0.0930 | 0.2255 | 0.2191 | 0.3132 | 0.1779 | 0.1121 | 0.1913 | 0.2024 | 1.0000 | 0.2397 |
| LG디스플레이 | 0.2018 | 0.0378 | 0.1399 | 0.1491 | 0.1672 | 0.1343 | 0.2545 | 0.0886 | 0.1547 | 0.2397 | 1.0000 |

## 포트폴리오 VaR (10-day, 99%) — 2026-01-16

- Total portfolio value (used): 13,802,240 KRW
- z-score: 2.33
- Portfolio σ (money, 10d): 709,508 KRW
- **Portfolio VaR (10d, 99%)**: **1,653,153 KRW**
- VaR / Portfolio value: **11.98%** → ✅ 15% 이하

## Top 10 Component VaR

| Rank | Name | Position (KRW) | σ10d | cVaR (KRW) | cVaR/Port | cVaR/Pos | Note |
|---:|---|---:|---:|---:|---:|---:|---|
| 1 | 세아베스틸지주 | 2,172,800 | 0.2408 | 990,953 | 59.94% | 45.61% |  |
| 2 | 영원무역홀딩스 | 2,976,000 | 0.0766 | 284,823 | 17.23% | 9.57% |  |
| 3 | 삼성물산 | 1,740,000 | 0.0678 | 111,754 | 6.76% | 6.42% |  |
| 4 | 현대지에프홀딩스 | 775,800 | 0.0756 | 68,453 | 4.14% | 8.82% |  |
| 5 | 오리온홀딩스 | 730,800 | 0.0442 | 33,191 | 2.01% | 4.54% |  |
| 6 | LG디스플레이 | 1,051,680 | 0.0525 | 33,149 | 2.01% | 3.15% |  |
| 7 | 동아쏘시오홀딩스 | 1,035,000 | 0.0427 | 32,379 | 1.96% | 3.13% |  |
| 8 | 아모레퍼시픽홀딩스 | 465,300 | 0.0734 | 31,443 | 1.90% | 6.76% |  |
| 9 | 강원랜드 | 1,066,800 | 0.0390 | 28,957 | 1.75% | 2.71% |  |
| 10 | LG유플러스 | 925,660 | 0.0428 | 21,255 | 1.29% | 2.30% |  |

- Σ cVaR (all names) = 1,653,153 KRW
