# 포트폴리오 보고서 (기준일: 2026-01-02)

## 요약
- 포트폴리오 **누적 수익률**: **16.66%**  (V₀=11,045,878, Vₜ=13,048,940)
- 포트폴리오 **일일 수익률**: **-0.10%**  (공통 거래일: 2025-12-30 → 2026-01-02)
- KOSPI **일일 수익률**: **2.24%**  (비교 기준일: 2026-01-02)
- **초과수익률(일일)**: **-2.34%**

## 개별 종목 현황 (오늘 기준)

| name | code | shares | buy_price | last_date | close_last | r_i_cum | r_i_daily |
|---|---:|---:|---:|---|---:|---:|---:|
| KT | 030200 | 16 | 52,901 | 2026-01-02 | 51,300 | -3.07% | -2.50% |
| LG디스플레이 | 034220 | 84 | 11,940 | 2026-01-02 | 11,830 | -0.93% | 0.17% |
| LG유플러스 | 032640 | 62 | 14,955 | 2026-01-02 | 14,430 | -3.57% | -1.99% |
| 강원랜드 | 035250 | 60 | 18,291 | 2026-01-02 | 18,400 | 0.59% | -2.95% |
| 동아쏘시오홀딩스 | 000640 | 10 | 109,982 | 2026-01-02 | 107,700 | -2.10% | -1.75% |
| 삼성물산 | 028260 | 6 | 173,255 | 2026-01-02 | 245,000 | 34.65% | 2.27% |
| 세아베스틸지주 | 001430 | 32 | 27,976 | 2026-01-02 | 55,900 | 69.22% | 10.75% |
| 아모레퍼시픽홀딩스 | 002790 | 18 | 27,825 | 2026-01-02 | 29,000 | 4.14% | 7.70% |
| 영원무역홀딩스 | 009970 | 16 | 133,954 | 2026-01-02 | 183,600 | 31.53% | -4.21% |
| 오리온홀딩스 | 001800 | 36 | 21,026 | 2026-01-02 | 19,960 | -5.20% | -3.40% |
| 현대지에프홀딩스 | 005440 | 90 | 8,180 | 2026-01-02 | 8,020 | -1.98% | -3.67% |

## Beta (1Y, 일간 로그수익률)
- 기준일: **2026-01-02**, 윈도우: **2025-01-02 ~ 2026-01-02**

### 포트폴리오 Beta
- 관측치 수: **242**  (공통 거래일 기준)
- 기간: **2025-01-03 ~ 2026-01-02**
- **Beta (직접법)**: **0.5527**

### 개별 종목 Beta
| name | code | n | period | beta |
|---|---:|---:|---|---:|
| KT | 030200 | 243 | 2025-01-02 ~ 2026-01-02 | 0.2015 |
| LG디스플레이 | 034220 | 243 | 2025-01-02 ~ 2026-01-02 | 1.0646 |
| LG유플러스 | 032640 | 243 | 2025-01-02 ~ 2026-01-02 | 0.1357 |
| 강원랜드 | 035250 | 243 | 2025-01-02 ~ 2026-01-02 | 0.2268 |
| 동아쏘시오홀딩스 | 000640 | 243 | 2025-01-02 ~ 2026-01-02 | 0.2066 |
| 삼성물산 | 028260 | 243 | 2025-01-02 ~ 2026-01-02 | 1.0502 |
| 세아베스틸지주 | 001430 | 243 | 2025-01-02 ~ 2026-01-02 | 0.6824 |
| 아모레퍼시픽홀딩스 | 002790 | 243 | 2025-01-02 ~ 2026-01-02 | 0.6351 |
| 영원무역홀딩스 | 009970 | 243 | 2025-01-02 ~ 2026-01-02 | 0.5879 |
| 오리온홀딩스 | 001800 | 243 | 2025-01-02 ~ 2026-01-02 | 0.5493 |
| 현대지에프홀딩스 | 005440 | 243 | 2025-01-02 ~ 2026-01-02 | 0.6913 |

## EWMA Vol (1Y, λ=0.94, Daily)
- 기준일: **2026-01-02**, 윈도우: **2025-01-02 ~ 2026-01-02**
- 결과는 **일간 표준편차(σ)**이며 **연간화하지 않음**

| name | code | n | period | ewma_sigma_daily |
|---|---:|---:|---|---:|
| KT | 030200 | 243 | 2025-01-02 ~ 2026-01-02 | 0.014359 |
| LG디스플레이 | 034220 | 243 | 2025-01-02 ~ 2026-01-02 | 0.019648 |
| LG유플러스 | 032640 | 243 | 2025-01-02 ~ 2026-01-02 | 0.015164 |
| 강원랜드 | 035250 | 243 | 2025-01-02 ~ 2026-01-02 | 0.013449 |
| 동아쏘시오홀딩스 | 000640 | 243 | 2025-01-02 ~ 2026-01-02 | 0.015007 |
| 삼성물산 | 028260 | 243 | 2025-01-02 ~ 2026-01-02 | 0.024696 |
| 세아베스틸지주 | 001430 | 243 | 2025-01-02 ~ 2026-01-02 | 0.081731 |
| 아모레퍼시픽홀딩스 | 002790 | 243 | 2025-01-02 ~ 2026-01-02 | 0.026500 |
| 영원무역홀딩스 | 009970 | 243 | 2025-01-02 ~ 2026-01-02 | 0.033353 |
| 오리온홀딩스 | 001800 | 243 | 2025-01-02 ~ 2026-01-02 | 0.016244 |
| 현대지에프홀딩스 | 005440 | 243 | 2025-01-02 ~ 2026-01-02 | 0.022120 |
## 종목 간 상관관계 (1년)

- 기준일: 2026-01-02  | 기간: 2025-01-02 ~ 2026-01-02


| name | 동아쏘시오홀딩스 | 세아베스틸지주 | 오리온홀딩스 | 아모레퍼시픽홀딩스 | 현대지에프홀딩스 | 영원무역홀딩스 | 삼성물산 | KT | LG유플러스 | 강원랜드 | LG디스플레이 |
|---|---:|---:|---:|---:|---:|---:|---:|---:|---:|---:|---:|
| 동아쏘시오홀딩스 | 1.0000 | 0.0873 | 0.3259 | 0.1584 | 0.3512 | 0.2344 | 0.1740 | 0.0704 | 0.1399 | 0.1623 | 0.2078 |
| 세아베스틸지주 | 0.0873 | 1.0000 | 0.1338 | 0.1979 | 0.1470 | 0.0919 | 0.0678 | 0.0153 | 0.0306 | 0.1020 | 0.0434 |
| 오리온홀딩스 | 0.3259 | 0.1338 | 1.0000 | 0.3425 | 0.5727 | 0.3701 | 0.3055 | 0.2060 | 0.2392 | 0.2242 | 0.1435 |
| 아모레퍼시픽홀딩스 | 0.1584 | 0.1979 | 0.3425 | 1.0000 | 0.2848 | 0.1689 | 0.3580 | 0.1792 | 0.1184 | 0.2097 | 0.1757 |
| 현대지에프홀딩스 | 0.3512 | 0.1470 | 0.5727 | 0.2848 | 1.0000 | 0.4370 | 0.3761 | 0.2074 | 0.2081 | 0.3151 | 0.1680 |
| 영원무역홀딩스 | 0.2344 | 0.0919 | 0.3701 | 0.1689 | 0.4370 | 1.0000 | 0.2586 | 0.2419 | 0.1853 | 0.1704 | 0.1429 |
| 삼성물산 | 0.1740 | 0.0678 | 0.3055 | 0.3580 | 0.3761 | 0.2586 | 1.0000 | 0.1907 | 0.1123 | 0.1136 | 0.2587 |
| KT | 0.0704 | 0.0153 | 0.2060 | 0.1792 | 0.2074 | 0.2419 | 0.1907 | 1.0000 | 0.2722 | 0.1696 | 0.0761 |
| LG유플러스 | 0.1399 | 0.0306 | 0.2392 | 0.1184 | 0.2081 | 0.1853 | 0.1123 | 0.2722 | 1.0000 | 0.1859 | 0.1530 |
| 강원랜드 | 0.1623 | 0.1020 | 0.2242 | 0.2097 | 0.3151 | 0.1704 | 0.1136 | 0.1696 | 0.1859 | 1.0000 | 0.2370 |
| LG디스플레이 | 0.2078 | 0.0434 | 0.1435 | 0.1757 | 0.1680 | 0.1429 | 0.2587 | 0.0761 | 0.1530 | 0.2370 | 1.0000 |

## 포트폴리오 VaR (10-day, 99%) — 2026-01-02

- Total portfolio value (used): 13,048,940 KRW
- z-score: 2.33
- Portfolio σ (money, 10d): 743,225 KRW
- **Portfolio VaR (10d, 99%)**: **1,731,715 KRW**
- VaR / Portfolio value: **13.27%** → ✅ 15% 이하

## Top 10 Component VaR

| Rank | Name | Position (KRW) | σ10d | cVaR (KRW) | cVaR/Port | cVaR/Pos | Note |
|---:|---|---:|---:|---:|---:|---:|---|
| 1 | 세아베스틸지주 | 1,788,800 | 0.2923 | 967,647 | 55.88% | 54.09% |  |
| 2 | 영원무역홀딩스 | 2,937,600 | 0.0941 | 379,768 | 21.93% | 12.93% |  |
| 3 | 삼성물산 | 1,470,000 | 0.0697 | 94,542 | 5.46% | 6.43% |  |
| 4 | 현대지에프홀딩스 | 721,800 | 0.0723 | 62,124 | 3.59% | 8.61% |  |
| 5 | 동아쏘시오홀딩스 | 1,077,000 | 0.0505 | 42,003 | 2.43% | 3.90% |  |
| 6 | 아모레퍼시픽홀딩스 | 522,000 | 0.0841 | 40,797 | 2.36% | 7.82% |  |
| 7 | 오리온홀딩스 | 718,560 | 0.0503 | 38,177 | 2.20% | 5.31% |  |
| 8 | 강원랜드 | 1,104,000 | 0.0466 | 37,172 | 2.15% | 3.37% |  |
| 9 | LG디스플레이 | 993,720 | 0.0517 | 31,135 | 1.80% | 3.13% |  |
| 10 | LG유플러스 | 894,660 | 0.0429 | 21,096 | 1.22% | 2.36% |  |

- Σ cVaR (all names) = 1,731,715 KRW
