# 포트폴리오 보고서 (기준일: 2026-02-03)

## 요약
- 포트폴리오 **누적 수익률**: **30.57%**  (V₀=11,045,878, Vₜ=14,995,600)
- 포트폴리오 **일일 수익률**: **5.28%**  (공통 거래일: 2026-02-02 → 2026-02-03)
- KOSPI **일일 수익률**: **1.23%**  (비교 기준일: 2025-09-16)
- **초과수익률(일일)**: **4.05%**

## 개별 종목 현황 (오늘 기준)

| name | code | shares | buy_price | last_date | close_last | r_i_cum | r_i_daily |
|---|---:|---:|---:|---|---:|---:|---:|
| KT | 030200 | 16 | 52,901 | 2026-02-03 | 56,500 | 6.58% | 2.33% |
| LG디스플레이 | 034220 | 84 | 11,940 | 2026-02-03 | 11,370 | -4.89% | 2.95% |
| LG유플러스 | 032640 | 62 | 14,955 | 2026-02-03 | 16,060 | 7.13% | 1.00% |
| 강원랜드 | 035250 | 60 | 18,291 | 2026-02-03 | 17,270 | -5.74% | 1.22% |
| 동아쏘시오홀딩스 | 000640 | 10 | 109,982 | 2026-02-03 | 108,000 | -1.82% | 1.87% |
| 삼성물산 | 028260 | 6 | 173,255 | 2026-02-03 | 315,000 | 59.78% | 7.92% |
| 세아베스틸지주 | 001430 | 32 | 27,976 | 2026-02-03 | 81,500 | 106.93% | 13.93% |
| 아모레퍼시픽홀딩스 | 002790 | 18 | 27,825 | 2026-02-03 | 29,900 | 7.19% | 4.45% |
| 영원무역홀딩스 | 009970 | 16 | 133,954 | 2026-02-03 | 208,500 | 44.24% | 3.17% |
| 오리온홀딩스 | 001800 | 36 | 21,026 | 2026-02-03 | 21,300 | 1.29% | 2.86% |
| 현대지에프홀딩스 | 005440 | 90 | 8,180 | 2026-02-03 | 9,840 | 18.48% | 5.64% |

## Beta (1Y, 일간 로그수익률)
- 기준일: **2026-02-03**, 윈도우: **2025-02-03 ~ 2026-02-03**

### 포트폴리오 Beta
- 관측치 수: **154**  (공통 거래일 기준)
- 기간: **2025-02-04 ~ 2025-09-16**
- **Beta (직접법)**: **0.6632**

### 개별 종목 Beta
| name | code | n | period | beta |
|---|---:|---:|---|---:|
| KT | 030200 | 155 | 2025-02-03 ~ 2025-09-16 | 0.2927 |
| LG디스플레이 | 034220 | 155 | 2025-02-03 ~ 2025-09-16 | 1.2994 |
| LG유플러스 | 032640 | 155 | 2025-02-03 ~ 2025-09-16 | 0.2166 |
| 강원랜드 | 035250 | 155 | 2025-02-03 ~ 2025-09-16 | 0.3951 |
| 동아쏘시오홀딩스 | 000640 | 155 | 2025-02-03 ~ 2025-09-16 | 0.2798 |
| 삼성물산 | 028260 | 155 | 2025-02-03 ~ 2025-09-16 | 0.9948 |
| 세아베스틸지주 | 001430 | 155 | 2025-02-03 ~ 2025-09-16 | 0.6826 |
| 아모레퍼시픽홀딩스 | 002790 | 155 | 2025-02-03 ~ 2025-09-16 | 0.8454 |
| 영원무역홀딩스 | 009970 | 155 | 2025-02-03 ~ 2025-09-16 | 0.8247 |
| 오리온홀딩스 | 001800 | 155 | 2025-02-03 ~ 2025-09-16 | 0.7976 |
| 현대지에프홀딩스 | 005440 | 155 | 2025-02-03 ~ 2025-09-16 | 0.8791 |

## EWMA Vol (1Y, λ=0.94, Daily)
- 기준일: **2026-02-03**, 윈도우: **2025-02-03 ~ 2026-02-03**
- 결과는 **일간 표준편차(σ)**이며 **연간화하지 않음**

| name | code | n | period | ewma_sigma_daily |
|---|---:|---:|---|---:|
| KT | 030200 | 247 | 2025-02-03 ~ 2026-02-03 | 0.016126 |
| LG디스플레이 | 034220 | 247 | 2025-02-03 ~ 2026-02-03 | 0.023536 |
| LG유플러스 | 032640 | 247 | 2025-02-03 ~ 2026-02-03 | 0.019970 |
| 강원랜드 | 035250 | 247 | 2025-02-03 ~ 2026-02-03 | 0.011364 |
| 동아쏘시오홀딩스 | 000640 | 247 | 2025-02-03 ~ 2026-02-03 | 0.015776 |
| 삼성물산 | 028260 | 247 | 2025-02-03 ~ 2026-02-03 | 0.028180 |
| 세아베스틸지주 | 001430 | 247 | 2025-02-03 ~ 2026-02-03 | 0.063679 |
| 아모레퍼시픽홀딩스 | 002790 | 247 | 2025-02-03 ~ 2026-02-03 | 0.026739 |
| 영원무역홀딩스 | 009970 | 247 | 2025-02-03 ~ 2026-02-03 | 0.025941 |
| 오리온홀딩스 | 001800 | 247 | 2025-02-03 ~ 2026-02-03 | 0.016796 |
| 현대지에프홀딩스 | 005440 | 247 | 2025-02-03 ~ 2026-02-03 | 0.027820 |
## 종목 간 상관관계 (1년)

- 기준일: 2026-02-03  | 기간: 2025-02-03 ~ 2026-02-03


| name | 동아쏘시오홀딩스 | 세아베스틸지주 | 오리온홀딩스 | 아모레퍼시픽홀딩스 | 현대지에프홀딩스 | 영원무역홀딩스 | 삼성물산 | KT | LG유플러스 | 강원랜드 | LG디스플레이 |
|---|---:|---:|---:|---:|---:|---:|---:|---:|---:|---:|---:|
| 동아쏘시오홀딩스 | 1.0000 | 0.0884 | 0.3440 | 0.2106 | 0.3722 | 0.2232 | 0.1851 | 0.1102 | 0.1521 | 0.1938 | 0.2209 |
| 세아베스틸지주 | 0.0884 | 1.0000 | 0.1540 | 0.2175 | 0.1524 | 0.1092 | 0.1140 | 0.0451 | 0.0431 | 0.1310 | 0.0414 |
| 오리온홀딩스 | 0.3440 | 0.1540 | 1.0000 | 0.3715 | 0.5789 | 0.3640 | 0.3185 | 0.2138 | 0.2415 | 0.2351 | 0.1427 |
| 아모레퍼시픽홀딩스 | 0.2106 | 0.2175 | 0.3715 | 1.0000 | 0.3353 | 0.1738 | 0.3307 | 0.1651 | 0.1298 | 0.2231 | 0.1535 |
| 현대지에프홀딩스 | 0.3722 | 0.1524 | 0.5789 | 0.3353 | 1.0000 | 0.4213 | 0.3948 | 0.2310 | 0.2062 | 0.3210 | 0.1642 |
| 영원무역홀딩스 | 0.2232 | 0.1092 | 0.3640 | 0.1738 | 0.4213 | 1.0000 | 0.2829 | 0.2454 | 0.1766 | 0.1823 | 0.1318 |
| 삼성물산 | 0.1851 | 0.1140 | 0.3185 | 0.3307 | 0.3948 | 0.2829 | 1.0000 | 0.2311 | 0.1119 | 0.1360 | 0.2581 |
| KT | 0.1102 | 0.0451 | 0.2138 | 0.1651 | 0.2310 | 0.2454 | 0.2311 | 1.0000 | 0.3167 | 0.2085 | 0.1000 |
| LG유플러스 | 0.1521 | 0.0431 | 0.2415 | 0.1298 | 0.2062 | 0.1766 | 0.1119 | 0.3167 | 1.0000 | 0.2179 | 0.1445 |
| 강원랜드 | 0.1938 | 0.1310 | 0.2351 | 0.2231 | 0.3210 | 0.1823 | 0.1360 | 0.2085 | 0.2179 | 1.0000 | 0.2426 |
| LG디스플레이 | 0.2209 | 0.0414 | 0.1427 | 0.1535 | 0.1642 | 0.1318 | 0.2581 | 0.1000 | 0.1445 | 0.2426 | 1.0000 |

## 포트폴리오 VaR (10-day, 99%) — 2026-02-03

- Total portfolio value (used): 14,995,600 KRW
- z-score: 2.33
- Portfolio σ (money, 10d): 831,337 KRW
- **Portfolio VaR (10d, 99%)**: **1,937,014 KRW**
- VaR / Portfolio value: **12.92%** → ✅ 15% 이하

## Top 10 Component VaR

| Rank | Name | Position (KRW) | σ10d | cVaR (KRW) | cVaR/Port | cVaR/Pos | Note |
|---:|---|---:|---:|---:|---:|---:|---|
| 1 | 세아베스틸지주 | 2,608,000 | 0.2261 | 1,120,390 | 57.84% | 42.96% |  |
| 2 | 영원무역홀딩스 | 3,336,000 | 0.0709 | 296,127 | 15.29% | 8.88% |  |
| 3 | 삼성물산 | 1,890,000 | 0.0817 | 170,539 | 8.80% | 9.02% |  |
| 4 | 현대지에프홀딩스 | 885,600 | 0.0908 | 97,361 | 5.03% | 10.99% |  |
| 5 | 아모레퍼시픽홀딩스 | 538,200 | 0.0853 | 45,173 | 2.33% | 8.39% |  |
| 6 | 오리온홀딩스 | 766,800 | 0.0516 | 42,918 | 2.22% | 5.60% |  |
| 7 | 동아쏘시오홀딩스 | 1,080,000 | 0.0502 | 41,688 | 2.15% | 3.86% |  |
| 8 | LG디스플레이 | 955,080 | 0.0624 | 35,799 | 1.85% | 3.75% |  |
| 9 | 강원랜드 | 1,036,200 | 0.0398 | 31,475 | 1.62% | 3.04% |  |
| 10 | LG유플러스 | 995,720 | 0.0530 | 30,694 | 1.58% | 3.08% |  |

- Σ cVaR (all names) = 1,937,014 KRW
