# 포트폴리오 보고서 (기준일: 2025-11-03)

## 요약
- 포트폴리오 **누적 수익률**: **2.24%**  (V₀=11,045,878, Vₜ=11,296,240)
- 포트폴리오 **일일 수익률**: **-1.06%**  (공통 거래일: 2025-10-31 → 2025-11-03)
- KOSPI **일일 수익률**: **2.75%**  (비교 기준일: 2025-11-03)
- **초과수익률(일일)**: **-3.81%**

## 개별 종목 현황 (오늘 기준)

| name | code | shares | buy_price | last_date | close_last | r_i_cum | r_i_daily |
|---|---:|---:|---:|---|---:|---:|---:|
| KT | 030200 | 16 | 52,901 | 2025-11-03 | 49,200 | -7.25% | 0.10% |
| LG디스플레이 | 034220 | 84 | 11,940 | 2025-11-03 | 14,520 | 19.56% | -1.23% |
| LG유플러스 | 032640 | 62 | 14,955 | 2025-11-03 | 14,600 | -2.40% | -4.29% |
| 강원랜드 | 035250 | 60 | 18,291 | 2025-11-03 | 16,820 | -8.38% | -0.36% |
| 동아쏘시오홀딩스 | 000640 | 10 | 109,982 | 2025-11-03 | 108,100 | -1.73% | -0.37% |
| 삼성물산 | 028260 | 6 | 173,255 | 2025-11-03 | 226,500 | 26.80% | 0.22% |
| 세아베스틸지주 | 001430 | 32 | 27,976 | 2025-11-03 | 26,850 | -4.11% | -2.39% |
| 아모레퍼시픽홀딩스 | 002790 | 18 | 27,825 | 2025-11-03 | 25,450 | -8.92% | 0.20% |
| 영원무역홀딩스 | 009970 | 16 | 133,954 | 2025-11-03 | 140,300 | 4.63% | -1.27% |
| 오리온홀딩스 | 001800 | 36 | 21,026 | 2025-11-03 | 18,960 | -10.34% | -0.26% |
| 현대지에프홀딩스 | 005440 | 90 | 8,180 | 2025-11-03 | 7,670 | -6.44% | -1.68% |

## Beta (1Y, 일간 로그수익률)
- 기준일: **2025-11-03**, 윈도우: **2024-11-03 ~ 2025-11-03**

### 포트폴리오 Beta
- 관측치 수: **241**  (공통 거래일 기준)
- 기간: **2024-11-05 ~ 2025-11-03**
- **Beta (직접법)**: **0.6002**

### 개별 종목 Beta
| name | code | n | period | beta |
|---|---:|---:|---|---:|
| KT | 030200 | 242 | 2024-11-04 ~ 2025-11-03 | 0.2678 |
| LG디스플레이 | 034220 | 242 | 2024-11-04 ~ 2025-11-03 | 1.1957 |
| LG유플러스 | 032640 | 242 | 2024-11-04 ~ 2025-11-03 | 0.2235 |
| 강원랜드 | 035250 | 242 | 2024-11-04 ~ 2025-11-03 | 0.3832 |
| 동아쏘시오홀딩스 | 000640 | 242 | 2024-11-04 ~ 2025-11-03 | 0.2467 |
| 삼성물산 | 028260 | 242 | 2024-11-04 ~ 2025-11-03 | 1.0919 |
| 세아베스틸지주 | 001430 | 242 | 2024-11-04 ~ 2025-11-03 | 0.5815 |
| 아모레퍼시픽홀딩스 | 002790 | 242 | 2024-11-04 ~ 2025-11-03 | 0.8174 |
| 영원무역홀딩스 | 009970 | 242 | 2024-11-04 ~ 2025-11-03 | 0.5804 |
| 오리온홀딩스 | 001800 | 242 | 2024-11-04 ~ 2025-11-03 | 0.6283 |
| 현대지에프홀딩스 | 005440 | 242 | 2024-11-04 ~ 2025-11-03 | 0.7459 |

## EWMA Vol (1Y, λ=0.94, Daily)
- 기준일: **2025-11-03**, 윈도우: **2024-11-03 ~ 2025-11-03**
- 결과는 **일간 표준편차(σ)**이며 **연간화하지 않음**

| name | code | n | period | ewma_sigma_daily |
|---|---:|---:|---|---:|
| KT | 030200 | 242 | 2024-11-04 ~ 2025-11-03 | 0.010678 |
| LG디스플레이 | 034220 | 242 | 2024-11-04 ~ 2025-11-03 | 0.032639 |
| LG유플러스 | 032640 | 242 | 2024-11-04 ~ 2025-11-03 | 0.018709 |
| 강원랜드 | 035250 | 242 | 2024-11-04 ~ 2025-11-03 | 0.008898 |
| 동아쏘시오홀딩스 | 000640 | 242 | 2024-11-04 ~ 2025-11-03 | 0.015621 |
| 삼성물산 | 028260 | 242 | 2024-11-04 ~ 2025-11-03 | 0.034387 |
| 세아베스틸지주 | 001430 | 242 | 2024-11-04 ~ 2025-11-03 | 0.030465 |
| 아모레퍼시픽홀딩스 | 002790 | 242 | 2024-11-04 ~ 2025-11-03 | 0.014130 |
| 영원무역홀딩스 | 009970 | 242 | 2024-11-04 ~ 2025-11-03 | 0.017065 |
| 오리온홀딩스 | 001800 | 242 | 2024-11-04 ~ 2025-11-03 | 0.012851 |
| 현대지에프홀딩스 | 005440 | 242 | 2024-11-04 ~ 2025-11-03 | 0.024922 |
## 종목 간 상관관계 (1년)

- 기준일: 2025-11-03  | 기간: 2024-11-03 ~ 2025-11-03


| name | 동아쏘시오홀딩스 | 세아베스틸지주 | 오리온홀딩스 | 아모레퍼시픽홀딩스 | 현대지에프홀딩스 | 영원무역홀딩스 | 삼성물산 | KT | LG유플러스 | 강원랜드 | LG디스플레이 |
|---|---:|---:|---:|---:|---:|---:|---:|---:|---:|---:|---:|
| 동아쏘시오홀딩스 | 1.0000 | 0.1411 | 0.2907 | 0.2383 | 0.3172 | 0.2229 | 0.1669 | 0.0095 | 0.0861 | 0.1506 | 0.1792 |
| 세아베스틸지주 | 0.1411 | 1.0000 | 0.1813 | 0.2522 | 0.2488 | 0.2403 | 0.0679 | 0.0317 | 0.0763 | 0.2392 | 0.1190 |
| 오리온홀딩스 | 0.2907 | 0.1813 | 1.0000 | 0.3626 | 0.5118 | 0.4067 | 0.3109 | 0.1733 | 0.2290 | 0.2220 | 0.1535 |
| 아모레퍼시픽홀딩스 | 0.2383 | 0.2522 | 0.3626 | 1.0000 | 0.3215 | 0.2808 | 0.3964 | 0.1738 | 0.0747 | 0.2796 | 0.2319 |
| 현대지에프홀딩스 | 0.3172 | 0.2488 | 0.5118 | 0.3215 | 1.0000 | 0.4030 | 0.3705 | 0.1695 | 0.1926 | 0.3032 | 0.1647 |
| 영원무역홀딩스 | 0.2229 | 0.2403 | 0.4067 | 0.2808 | 0.4030 | 1.0000 | 0.3039 | 0.2039 | 0.1613 | 0.1516 | 0.1622 |
| 삼성물산 | 0.1669 | 0.0679 | 0.3109 | 0.3964 | 0.3705 | 0.3039 | 1.0000 | 0.1587 | 0.1532 | 0.1847 | 0.2626 |
| KT | 0.0095 | 0.0317 | 0.1733 | 0.1738 | 0.1695 | 0.2039 | 0.1587 | 1.0000 | 0.3745 | 0.1808 | 0.0398 |
| LG유플러스 | 0.0861 | 0.0763 | 0.2290 | 0.0747 | 0.1926 | 0.1613 | 0.1532 | 0.3745 | 1.0000 | 0.2165 | 0.1593 |
| 강원랜드 | 0.1506 | 0.2392 | 0.2220 | 0.2796 | 0.3032 | 0.1516 | 0.1847 | 0.1808 | 0.2165 | 1.0000 | 0.2905 |
| LG디스플레이 | 0.1792 | 0.1190 | 0.1535 | 0.2319 | 0.1647 | 0.1622 | 0.2626 | 0.0398 | 0.1593 | 0.2905 | 1.0000 |

## 포트폴리오 VaR (10-day, 99%) — 2025-11-03

- Total portfolio value (used): 11,296,240 KRW
- z-score: 2.33
- Portfolio σ (money, 10d): 397,121 KRW
- **Portfolio VaR (10d, 99%)**: **925,293 KRW**
- VaR / Portfolio value: **8.19%** → ✅ 15% 이하

## Top 10 Component VaR

| Rank | Name | Position (KRW) | σ10d | cVaR (KRW) | cVaR/Port | cVaR/Pos | Note |
|---:|---|---:|---:|---:|---:|---:|---|
| 1 | 삼성물산 | 1,359,000 | 0.1024 | 221,059 | 23.89% | 16.27% |  |
| 2 | 영원무역홀딩스 | 2,244,800 | 0.0502 | 174,867 | 18.90% | 7.79% |  |
| 3 | LG디스플레이 | 1,219,680 | 0.0810 | 122,605 | 13.25% | 10.05% |  |
| 4 | 세아베스틸지주 | 859,200 | 0.1083 | 101,511 | 10.97% | 11.81% |  |
| 5 | 현대지에프홀딩스 | 690,300 | 0.0829 | 85,912 | 9.28% | 12.45% |  |
| 6 | 동아쏘시오홀딩스 | 1,081,000 | 0.0499 | 55,133 | 5.96% | 5.10% |  |
| 7 | LG유플러스 | 905,200 | 0.0632 | 53,250 | 5.75% | 5.88% |  |
| 8 | 오리온홀딩스 | 682,560 | 0.0413 | 37,313 | 4.03% | 5.47% |  |
| 9 | 강원랜드 | 1,009,200 | 0.0299 | 31,484 | 3.40% | 3.12% |  |
| 10 | 아모레퍼시픽홀딩스 | 458,100 | 0.0448 | 25,540 | 2.76% | 5.58% |  |

- Σ cVaR (all names) = 925,293 KRW
