# 포트폴리오 보고서 (기준일: 2025-10-30)

## 요약
- 포트폴리오 **누적 수익률**: **2.61%**  (V₀=11,045,878, Vₜ=11,337,500)
- 포트폴리오 **일일 수익률**: **-1.74%**  (공통 거래일: 2025-10-29 → 2025-10-30)
- KOSPI **일일 수익률**: **0.14%**  (비교 기준일: 2025-10-30)
- **초과수익률(일일)**: **-1.88%**

## 개별 종목 현황 (오늘 기준)

| name | code | shares | buy_price | last_date | close_last | r_i_cum | r_i_daily |
|---|---:|---:|---:|---|---:|---:|---:|
| KT | 030200 | 16 | 52,901 | 2025-10-30 | 49,350 | -6.95% | -0.81% |
| LG디스플레이 | 034220 | 84 | 11,940 | 2025-10-30 | 13,950 | 15.56% | -3.87% |
| LG유플러스 | 032640 | 62 | 14,955 | 2025-10-30 | 14,830 | -0.84% | -2.79% |
| 강원랜드 | 035250 | 60 | 18,291 | 2025-10-30 | 16,970 | -7.50% | -0.41% |
| 동아쏘시오홀딩스 | 000640 | 10 | 109,982 | 2025-10-30 | 108,400 | -1.45% | -2.82% |
| 삼성물산 | 028260 | 6 | 173,255 | 2025-10-30 | 227,000 | 27.02% | -1.75% |
| 세아베스틸지주 | 001430 | 32 | 27,976 | 2025-10-30 | 27,500 | -1.72% | -3.92% |
| 아모레퍼시픽홀딩스 | 002790 | 18 | 27,825 | 2025-10-30 | 25,900 | -7.17% | 1.56% |
| 영원무역홀딩스 | 009970 | 16 | 133,954 | 2025-10-30 | 141,400 | 5.41% | -0.28% |
| 오리온홀딩스 | 001800 | 36 | 21,026 | 2025-10-30 | 19,040 | -9.92% | -0.10% |
| 현대지에프홀딩스 | 005440 | 90 | 8,180 | 2025-10-30 | 7,760 | -5.27% | -3.67% |

## Beta (1Y, 일간 로그수익률)
- 기준일: **2025-10-30**, 윈도우: **2024-10-30 ~ 2025-10-30**

### 포트폴리오 Beta
- 관측치 수: **242**  (공통 거래일 기준)
- 기간: **2024-10-31 ~ 2025-10-30**
- **Beta (직접법)**: **0.6149**

### 개별 종목 Beta
| name | code | n | period | beta |
|---|---:|---:|---|---:|
| KT | 030200 | 243 | 2024-10-30 ~ 2025-10-30 | 0.2659 |
| LG디스플레이 | 034220 | 243 | 2024-10-30 ~ 2025-10-30 | 1.2156 |
| LG유플러스 | 032640 | 243 | 2024-10-30 ~ 2025-10-30 | 0.2502 |
| 강원랜드 | 035250 | 243 | 2024-10-30 ~ 2025-10-30 | 0.3770 |
| 동아쏘시오홀딩스 | 000640 | 243 | 2024-10-30 ~ 2025-10-30 | 0.2431 |
| 삼성물산 | 028260 | 243 | 2024-10-30 ~ 2025-10-30 | 1.1552 |
| 세아베스틸지주 | 001430 | 243 | 2024-10-30 ~ 2025-10-30 | 0.6038 |
| 아모레퍼시픽홀딩스 | 002790 | 243 | 2024-10-30 ~ 2025-10-30 | 0.8299 |
| 영원무역홀딩스 | 009970 | 243 | 2024-10-30 ~ 2025-10-30 | 0.5934 |
| 오리온홀딩스 | 001800 | 243 | 2024-10-30 ~ 2025-10-30 | 0.6290 |
| 현대지에프홀딩스 | 005440 | 243 | 2024-10-30 ~ 2025-10-30 | 0.7714 |

## EWMA Vol (1Y, λ=0.94, Daily)
- 기준일: **2025-10-30**, 윈도우: **2024-10-30 ~ 2025-10-30**
- 결과는 **일간 표준편차(σ)**이며 **연간화하지 않음**

| name | code | n | period | ewma_sigma_daily |
|---|---:|---:|---|---:|
| KT | 030200 | 243 | 2024-10-30 ~ 2025-10-30 | 0.011310 |
| LG디스플레이 | 034220 | 243 | 2024-10-30 ~ 2025-10-30 | 0.031942 |
| LG유플러스 | 032640 | 243 | 2024-10-30 ~ 2025-10-30 | 0.014956 |
| 강원랜드 | 035250 | 243 | 2024-10-30 ~ 2025-10-30 | 0.009324 |
| 동아쏘시오홀딩스 | 000640 | 243 | 2024-10-30 ~ 2025-10-30 | 0.016589 |
| 삼성물산 | 028260 | 243 | 2024-10-30 ~ 2025-10-30 | 0.036560 |
| 세아베스틸지주 | 001430 | 243 | 2024-10-30 ~ 2025-10-30 | 0.031805 |
| 아모레퍼시픽홀딩스 | 002790 | 243 | 2024-10-30 ~ 2025-10-30 | 0.014193 |
| 영원무역홀딩스 | 009970 | 243 | 2024-10-30 ~ 2025-10-30 | 0.017804 |
| 오리온홀딩스 | 001800 | 243 | 2024-10-30 ~ 2025-10-30 | 0.013648 |
| 현대지에프홀딩스 | 005440 | 243 | 2024-10-30 ~ 2025-10-30 | 0.026117 |
## 종목 간 상관관계 (1년)

- 기준일: 2025-10-30  | 기간: 2024-10-30 ~ 2025-10-30


| name | 동아쏘시오홀딩스 | 세아베스틸지주 | 오리온홀딩스 | 아모레퍼시픽홀딩스 | 현대지에프홀딩스 | 영원무역홀딩스 | 삼성물산 | KT | LG유플러스 | 강원랜드 | LG디스플레이 |
|---|---:|---:|---:|---:|---:|---:|---:|---:|---:|---:|---:|
| 동아쏘시오홀딩스 | 1.0000 | 0.1456 | 0.2884 | 0.2103 | 0.3157 | 0.2290 | 0.1213 | 0.0101 | 0.0844 | 0.1581 | 0.1834 |
| 세아베스틸지주 | 0.1456 | 1.0000 | 0.1806 | 0.2437 | 0.2483 | 0.2408 | 0.0596 | 0.0312 | 0.0676 | 0.2361 | 0.1211 |
| 오리온홀딩스 | 0.2884 | 0.1806 | 1.0000 | 0.3574 | 0.5101 | 0.4058 | 0.2877 | 0.1735 | 0.2339 | 0.2211 | 0.1539 |
| 아모레퍼시픽홀딩스 | 0.2103 | 0.2437 | 0.3574 | 1.0000 | 0.3165 | 0.2699 | 0.4060 | 0.1699 | 0.0839 | 0.2598 | 0.2327 |
| 현대지에프홀딩스 | 0.3157 | 0.2483 | 0.5101 | 0.3165 | 1.0000 | 0.4023 | 0.3585 | 0.1684 | 0.1864 | 0.2958 | 0.1663 |
| 영원무역홀딩스 | 0.2290 | 0.2408 | 0.4058 | 0.2699 | 0.4023 | 1.0000 | 0.2797 | 0.2024 | 0.1545 | 0.1490 | 0.1632 |
| 삼성물산 | 0.1213 | 0.0596 | 0.2877 | 0.4060 | 0.3585 | 0.2797 | 1.0000 | 0.1438 | 0.1478 | 0.1380 | 0.2545 |
| KT | 0.0101 | 0.0312 | 0.1735 | 0.1699 | 0.1684 | 0.2024 | 0.1438 | 1.0000 | 0.3867 | 0.1860 | 0.0424 |
| LG유플러스 | 0.0844 | 0.0676 | 0.2339 | 0.0839 | 0.1864 | 0.1545 | 0.1478 | 0.3867 | 1.0000 | 0.2207 | 0.1437 |
| 강원랜드 | 0.1581 | 0.2361 | 0.2211 | 0.2598 | 0.2958 | 0.1490 | 0.1380 | 0.1860 | 0.2207 | 1.0000 | 0.2930 |
| LG디스플레이 | 0.1834 | 0.1211 | 0.1539 | 0.2327 | 0.1663 | 0.1632 | 0.2545 | 0.0424 | 0.1437 | 0.2930 | 1.0000 |

## 포트폴리오 VaR (10-day, 99%) — 2025-10-30

- Total portfolio value (used): 11,337,500 KRW
- z-score: 2.33
- Portfolio σ (money, 10d): 407,582 KRW
- **Portfolio VaR (10d, 99%)**: **949,666 KRW**
- VaR / Portfolio value: **8.38%** → ✅ 15% 이하

## Top 10 Component VaR

| Rank | Name | Position (KRW) | σ10d | cVaR (KRW) | cVaR/Port | cVaR/Pos | Note |
|---:|---|---:|---:|---:|---:|---:|---|
| 1 | 삼성물산 | 1,362,000 | 0.1115 | 238,990 | 25.17% | 17.55% |  |
| 2 | 영원무역홀딩스 | 2,262,400 | 0.0525 | 185,136 | 19.49% | 8.18% |  |
| 3 | LG디스플레이 | 1,171,800 | 0.0808 | 114,583 | 12.07% | 9.78% |  |
| 4 | 세아베스틸지주 | 880,000 | 0.1122 | 108,846 | 11.46% | 12.37% |  |
| 5 | 현대지에프홀딩스 | 698,400 | 0.0857 | 90,543 | 9.53% | 12.96% |  |
| 6 | 동아쏘시오홀딩스 | 1,084,000 | 0.0525 | 57,072 | 6.01% | 5.26% |  |
| 7 | LG유플러스 | 919,460 | 0.0512 | 40,181 | 4.23% | 4.37% |  |
| 8 | 오리온홀딩스 | 685,440 | 0.0437 | 39,510 | 4.16% | 5.76% |  |
| 9 | 강원랜드 | 1,018,200 | 0.0310 | 31,579 | 3.33% | 3.10% |  |
| 10 | 아모레퍼시픽홀딩스 | 466,200 | 0.0446 | 25,993 | 2.74% | 5.58% |  |

- Σ cVaR (all names) = 949,666 KRW
