# 포트폴리오 보고서 (기준일: 2025-11-28)

## 요약
- 포트폴리오 **누적 수익률**: **7.26%**  (V₀=11,045,878, Vₜ=11,877,980)
- 포트폴리오 **일일 수익률**: **-1.96%**  (공통 거래일: 2025-11-27 → 2025-11-28)
- KOSPI **일일 수익률**: **-1.52%**  (비교 기준일: 2025-11-28)
- **초과수익률(일일)**: **-0.44%**

## 개별 종목 현황 (오늘 기준)

| name | code | shares | buy_price | last_date | close_last | r_i_cum | r_i_daily |
|---|---:|---:|---:|---|---:|---:|---:|
| KT | 030200 | 16 | 52,901 | 2025-11-28 | 50,400 | -4.84% | 0.00% |
| LG디스플레이 | 034220 | 84 | 11,940 | 2025-11-28 | 12,540 | 4.90% | -1.27% |
| LG유플러스 | 032640 | 62 | 14,955 | 2025-11-28 | 15,060 | 0.70% | -1.12% |
| 강원랜드 | 035250 | 60 | 18,291 | 2025-11-28 | 17,990 | -1.66% | 0.73% |
| 동아쏘시오홀딩스 | 000640 | 10 | 109,982 | 2025-11-28 | 114,500 | 4.03% | 1.58% |
| 삼성물산 | 028260 | 6 | 173,255 | 2025-11-28 | 225,000 | 26.13% | -2.85% |
| 세아베스틸지주 | 001430 | 32 | 27,976 | 2025-11-28 | 27,900 | -0.27% | 0.54% |
| 아모레퍼시픽홀딩스 | 002790 | 18 | 27,825 | 2025-11-28 | 28,450 | 2.22% | 0.00% |
| 영원무역홀딩스 | 009970 | 16 | 133,954 | 2025-11-28 | 165,900 | 21.39% | -7.88% |
| 오리온홀딩스 | 001800 | 36 | 21,026 | 2025-11-28 | 20,250 | -3.76% | 1.79% |
| 현대지에프홀딩스 | 005440 | 90 | 8,180 | 2025-11-28 | 8,020 | -1.98% | 0.25% |

## Beta (1Y, 일간 로그수익률)
- 기준일: **2025-11-28**, 윈도우: **2024-11-28 ~ 2025-11-28**

### 포트폴리오 Beta
- 관측치 수: **242**  (공통 거래일 기준)
- 기간: **2024-11-29 ~ 2025-11-28**
- **Beta (직접법)**: **0.5878**

### 개별 종목 Beta
| name | code | n | period | beta |
|---|---:|---:|---|---:|
| KT | 030200 | 243 | 2024-11-28 ~ 2025-11-28 | 0.2698 |
| LG디스플레이 | 034220 | 243 | 2024-11-28 ~ 2025-11-28 | 1.1506 |
| LG유플러스 | 032640 | 243 | 2024-11-28 ~ 2025-11-28 | 0.2069 |
| 강원랜드 | 035250 | 243 | 2024-11-28 ~ 2025-11-28 | 0.3529 |
| 동아쏘시오홀딩스 | 000640 | 243 | 2024-11-28 ~ 2025-11-28 | 0.2391 |
| 삼성물산 | 028260 | 243 | 2024-11-28 ~ 2025-11-28 | 1.0756 |
| 세아베스틸지주 | 001430 | 243 | 2024-11-28 ~ 2025-11-28 | 0.5771 |
| 아모레퍼시픽홀딩스 | 002790 | 243 | 2024-11-28 ~ 2025-11-28 | 0.7169 |
| 영원무역홀딩스 | 009970 | 243 | 2024-11-28 ~ 2025-11-28 | 0.5689 |
| 오리온홀딩스 | 001800 | 243 | 2024-11-28 ~ 2025-11-28 | 0.6307 |
| 현대지에프홀딩스 | 005440 | 243 | 2024-11-28 ~ 2025-11-28 | 0.7974 |

## EWMA Vol (1Y, λ=0.94, Daily)
- 기준일: **2025-11-28**, 윈도우: **2024-11-28 ~ 2025-11-28**
- 결과는 **일간 표준편차(σ)**이며 **연간화하지 않음**

| name | code | n | period | ewma_sigma_daily |
|---|---:|---:|---|---:|
| KT | 030200 | 243 | 2024-11-28 ~ 2025-11-28 | 0.010674 |
| LG디스플레이 | 034220 | 243 | 2024-11-28 ~ 2025-11-28 | 0.027041 |
| LG유플러스 | 032640 | 243 | 2024-11-28 ~ 2025-11-28 | 0.021065 |
| 강원랜드 | 035250 | 243 | 2024-11-28 ~ 2025-11-28 | 0.011692 |
| 동아쏘시오홀딩스 | 000640 | 243 | 2024-11-28 ~ 2025-11-28 | 0.017504 |
| 삼성물산 | 028260 | 243 | 2024-11-28 ~ 2025-11-28 | 0.030316 |
| 세아베스틸지주 | 001430 | 243 | 2024-11-28 ~ 2025-11-28 | 0.026260 |
| 아모레퍼시픽홀딩스 | 002790 | 243 | 2024-11-28 ~ 2025-11-28 | 0.028685 |
| 영원무역홀딩스 | 009970 | 243 | 2024-11-28 ~ 2025-11-28 | 0.036206 |
| 오리온홀딩스 | 001800 | 243 | 2024-11-28 ~ 2025-11-28 | 0.018294 |
| 현대지에프홀딩스 | 005440 | 243 | 2024-11-28 ~ 2025-11-28 | 0.028941 |
## 종목 간 상관관계 (1년)

- 기준일: 2025-11-28  | 기간: 2024-11-28 ~ 2025-11-28


| name | 동아쏘시오홀딩스 | 세아베스틸지주 | 오리온홀딩스 | 아모레퍼시픽홀딩스 | 현대지에프홀딩스 | 영원무역홀딩스 | 삼성물산 | KT | LG유플러스 | 강원랜드 | LG디스플레이 |
|---|---:|---:|---:|---:|---:|---:|---:|---:|---:|---:|---:|
| 동아쏘시오홀딩스 | 1.0000 | 0.1891 | 0.3180 | 0.1982 | 0.3299 | 0.2260 | 0.1803 | 0.0381 | 0.1179 | 0.1712 | 0.1991 |
| 세아베스틸지주 | 0.1891 | 1.0000 | 0.2289 | 0.2883 | 0.2660 | 0.1663 | 0.0947 | 0.0934 | 0.1078 | 0.3009 | 0.1469 |
| 오리온홀딩스 | 0.3180 | 0.2289 | 1.0000 | 0.3957 | 0.5611 | 0.3666 | 0.3271 | 0.1890 | 0.2487 | 0.2669 | 0.1740 |
| 아모레퍼시픽홀딩스 | 0.1982 | 0.2883 | 0.3957 | 1.0000 | 0.3265 | 0.2162 | 0.3655 | 0.2217 | 0.1745 | 0.3069 | 0.2234 |
| 현대지에프홀딩스 | 0.3299 | 0.2660 | 0.5611 | 0.3265 | 1.0000 | 0.4320 | 0.4037 | 0.2472 | 0.2120 | 0.3369 | 0.1994 |
| 영원무역홀딩스 | 0.2260 | 0.1663 | 0.3666 | 0.2162 | 0.4320 | 1.0000 | 0.2722 | 0.2571 | 0.1949 | 0.1697 | 0.1593 |
| 삼성물산 | 0.1803 | 0.0947 | 0.3271 | 0.3655 | 0.4037 | 0.2722 | 1.0000 | 0.1820 | 0.1495 | 0.1854 | 0.2880 |
| KT | 0.0381 | 0.0934 | 0.1890 | 0.2217 | 0.2472 | 0.2571 | 0.1820 | 1.0000 | 0.2980 | 0.1769 | 0.0842 |
| LG유플러스 | 0.1179 | 0.1078 | 0.2487 | 0.1745 | 0.2120 | 0.1949 | 0.1495 | 0.2980 | 1.0000 | 0.2080 | 0.1804 |
| 강원랜드 | 0.1712 | 0.3009 | 0.2669 | 0.3069 | 0.3369 | 0.1697 | 0.1854 | 0.1769 | 0.2080 | 1.0000 | 0.3017 |
| LG디스플레이 | 0.1991 | 0.1469 | 0.1740 | 0.2234 | 0.1994 | 0.1593 | 0.2880 | 0.0842 | 0.1804 | 0.3017 | 1.0000 |

## 포트폴리오 VaR (10-day, 99%) — 2025-11-28

- Total portfolio value (used): 11,877,980 KRW
- z-score: 2.33
- Portfolio σ (money, 10d): 524,967 KRW
- **Portfolio VaR (10d, 99%)**: **1,223,174 KRW**
- VaR / Portfolio value: **10.30%** → ✅ 15% 이하

## Top 10 Component VaR

| Rank | Name | Position (KRW) | σ10d | cVaR (KRW) | cVaR/Port | cVaR/Pos | Note |
|---:|---|---:|---:|---:|---:|---:|---|
| 1 | 영원무역홀딩스 | 2,654,400 | 0.1019 | 504,332 | 41.23% | 19.00% |  |
| 2 | 삼성물산 | 1,350,000 | 0.0870 | 161,191 | 13.18% | 11.94% |  |
| 3 | 현대지에프홀딩스 | 721,800 | 0.0931 | 107,036 | 8.75% | 14.83% |  |
| 4 | 세아베스틸지주 | 892,800 | 0.0962 | 86,065 | 7.04% | 9.64% |  |
| 5 | LG디스플레이 | 1,053,360 | 0.0692 | 74,513 | 6.09% | 7.07% |  |
| 6 | 동아쏘시오홀딩스 | 1,145,000 | 0.0519 | 61,133 | 5.00% | 5.34% |  |
| 7 | 오리온홀딩스 | 729,000 | 0.0571 | 58,393 | 4.77% | 8.01% |  |
| 8 | LG유플러스 | 933,720 | 0.0629 | 53,819 | 4.40% | 5.76% |  |
| 9 | 아모레퍼시픽홀딩스 | 512,100 | 0.0888 | 53,747 | 4.39% | 10.50% |  |
| 10 | 강원랜드 | 1,079,400 | 0.0392 | 43,622 | 3.57% | 4.04% |  |

- Σ cVaR (all names) = 1,223,174 KRW
