# 포트폴리오 보고서 (기준일: 2026-01-09)

## 요약
- 포트폴리오 **누적 수익률**: **18.88%**  (V₀=11,045,878, Vₜ=13,340,900)
- 포트폴리오 **일일 수익률**: **0.38%**  (공통 거래일: 2026-01-08 → 2026-01-09)
- KOSPI **일일 수익률**: **1.23%**  (비교 기준일: 2025-09-16)
- **초과수익률(일일)**: **-0.86%**

## 개별 종목 현황 (오늘 기준)

| name | code | shares | buy_price | last_date | close_last | r_i_cum | r_i_daily |
|---|---:|---:|---:|---|---:|---:|---:|
| KT | 030200 | 16 | 52,901 | 2026-01-09 | 52,000 | -1.72% | 0.97% |
| LG디스플레이 | 034220 | 84 | 11,940 | 2026-01-09 | 11,780 | -1.35% | -3.75% |
| LG유플러스 | 032640 | 62 | 14,955 | 2026-01-09 | 14,350 | -4.13% | -0.07% |
| 강원랜드 | 035250 | 60 | 18,291 | 2026-01-09 | 17,970 | -1.77% | -0.61% |
| 동아쏘시오홀딩스 | 000640 | 10 | 109,982 | 2026-01-09 | 106,600 | -3.12% | -0.19% |
| 삼성물산 | 028260 | 6 | 173,255 | 2026-01-09 | 268,500 | 43.81% | -0.74% |
| 세아베스틸지주 | 001430 | 32 | 27,976 | 2026-01-09 | 61,700 | 79.09% | 6.18% |
| 아모레퍼시픽홀딩스 | 002790 | 18 | 27,825 | 2026-01-09 | 26,050 | -6.59% | 0.77% |
| 영원무역홀딩스 | 009970 | 16 | 133,954 | 2026-01-09 | 188,400 | 34.11% | -0.85% |
| 오리온홀딩스 | 001800 | 36 | 21,026 | 2026-01-09 | 19,530 | -7.38% | 0.46% |
| 현대지에프홀딩스 | 005440 | 90 | 8,180 | 2026-01-09 | 7,930 | -3.10% | 0.25% |

## Beta (1Y, 일간 로그수익률)
- 기준일: **2026-01-09**, 윈도우: **2025-01-09 ~ 2026-01-09**

### 포트폴리오 Beta
- 관측치 수: **167**  (공통 거래일 기준)
- 기간: **2025-01-10 ~ 2025-09-16**
- **Beta (직접법)**: **0.6604**

### 개별 종목 Beta
| name | code | n | period | beta |
|---|---:|---:|---|---:|
| KT | 030200 | 168 | 2025-01-09 ~ 2025-09-16 | 0.2774 |
| LG디스플레이 | 034220 | 168 | 2025-01-09 ~ 2025-09-16 | 1.2858 |
| LG유플러스 | 032640 | 168 | 2025-01-09 ~ 2025-09-16 | 0.2129 |
| 강원랜드 | 035250 | 168 | 2025-01-09 ~ 2025-09-16 | 0.3810 |
| 동아쏘시오홀딩스 | 000640 | 168 | 2025-01-09 ~ 2025-09-16 | 0.2738 |
| 삼성물산 | 028260 | 168 | 2025-01-09 ~ 2025-09-16 | 1.0088 |
| 세아베스틸지주 | 001430 | 168 | 2025-01-09 ~ 2025-09-16 | 0.6904 |
| 아모레퍼시픽홀딩스 | 002790 | 168 | 2025-01-09 ~ 2025-09-16 | 0.8475 |
| 영원무역홀딩스 | 009970 | 168 | 2025-01-09 ~ 2025-09-16 | 0.8059 |
| 오리온홀딩스 | 001800 | 168 | 2025-01-09 ~ 2025-09-16 | 0.7751 |
| 현대지에프홀딩스 | 005440 | 168 | 2025-01-09 ~ 2025-09-16 | 0.8656 |

## EWMA Vol (1Y, λ=0.94, Daily)
- 기준일: **2026-01-09**, 윈도우: **2025-01-09 ~ 2026-01-09**
- 결과는 **일간 표준편차(σ)**이며 **연간화하지 않음**

| name | code | n | period | ewma_sigma_daily |
|---|---:|---:|---|---:|
| KT | 030200 | 243 | 2025-01-09 ~ 2026-01-09 | 0.014313 |
| LG디스플레이 | 034220 | 243 | 2025-01-09 ~ 2026-01-09 | 0.021479 |
| LG유플러스 | 032640 | 243 | 2025-01-09 ~ 2026-01-09 | 0.014521 |
| 강원랜드 | 035250 | 243 | 2025-01-09 ~ 2026-01-09 | 0.012027 |
| 동아쏘시오홀딩스 | 000640 | 243 | 2025-01-09 ~ 2026-01-09 | 0.012955 |
| 삼성물산 | 028260 | 243 | 2025-01-09 ~ 2026-01-09 | 0.024177 |
| 세아베스틸지주 | 001430 | 243 | 2025-01-09 ~ 2026-01-09 | 0.072656 |
| 아모레퍼시픽홀딩스 | 002790 | 243 | 2025-01-09 ~ 2026-01-09 | 0.026917 |
| 영원무역홀딩스 | 009970 | 243 | 2025-01-09 ~ 2026-01-09 | 0.029244 |
| 오리온홀딩스 | 001800 | 243 | 2025-01-09 ~ 2026-01-09 | 0.014539 |
| 현대지에프홀딩스 | 005440 | 243 | 2025-01-09 ~ 2026-01-09 | 0.020365 |
## 종목 간 상관관계 (1년)

- 기준일: 2026-01-09  | 기간: 2025-01-09 ~ 2026-01-09


| name | 동아쏘시오홀딩스 | 세아베스틸지주 | 오리온홀딩스 | 아모레퍼시픽홀딩스 | 현대지에프홀딩스 | 영원무역홀딩스 | 삼성물산 | KT | LG유플러스 | 강원랜드 | LG디스플레이 |
|---|---:|---:|---:|---:|---:|---:|---:|---:|---:|---:|---:|
| 동아쏘시오홀딩스 | 1.0000 | 0.0817 | 0.3296 | 0.1619 | 0.3572 | 0.2277 | 0.1704 | 0.0757 | 0.1441 | 0.1663 | 0.2056 |
| 세아베스틸지주 | 0.0817 | 1.0000 | 0.1299 | 0.2045 | 0.1415 | 0.0844 | 0.0676 | 0.0110 | 0.0209 | 0.0951 | 0.0342 |
| 오리온홀딩스 | 0.3296 | 0.1299 | 1.0000 | 0.3542 | 0.5743 | 0.3694 | 0.3019 | 0.2083 | 0.2434 | 0.2284 | 0.1424 |
| 아모레퍼시픽홀딩스 | 0.1619 | 0.2045 | 0.3542 | 1.0000 | 0.2985 | 0.1662 | 0.3199 | 0.1729 | 0.1291 | 0.2199 | 0.1518 |
| 현대지에프홀딩스 | 0.3572 | 0.1415 | 0.5743 | 0.2985 | 1.0000 | 0.4358 | 0.3753 | 0.2113 | 0.2077 | 0.3262 | 0.1726 |
| 영원무역홀딩스 | 0.2277 | 0.0844 | 0.3694 | 0.1662 | 0.4358 | 1.0000 | 0.2624 | 0.2425 | 0.1899 | 0.1770 | 0.1459 |
| 삼성물산 | 0.1704 | 0.0676 | 0.3019 | 0.3199 | 0.3753 | 0.2624 | 1.0000 | 0.1891 | 0.1143 | 0.1163 | 0.2583 |
| KT | 0.0757 | 0.0110 | 0.2083 | 0.1729 | 0.2113 | 0.2425 | 0.1891 | 1.0000 | 0.2807 | 0.1821 | 0.0806 |
| LG유플러스 | 0.1441 | 0.0209 | 0.2434 | 0.1291 | 0.2077 | 0.1899 | 0.1143 | 0.2807 | 1.0000 | 0.1915 | 0.1551 |
| 강원랜드 | 0.1663 | 0.0951 | 0.2284 | 0.2199 | 0.3262 | 0.1770 | 0.1163 | 0.1821 | 0.1915 | 1.0000 | 0.2426 |
| LG디스플레이 | 0.2056 | 0.0342 | 0.1424 | 0.1518 | 0.1726 | 0.1459 | 0.2583 | 0.0806 | 0.1551 | 0.2426 | 1.0000 |

## 포트폴리오 VaR (10-day, 99%) — 2026-01-09

- Total portfolio value (used): 13,340,900 KRW
- z-score: 2.33
- Portfolio σ (money, 10d): 709,942 KRW
- **Portfolio VaR (10d, 99%)**: **1,654,166 KRW**
- VaR / Portfolio value: **12.40%** → ✅ 15% 이하

## Top 10 Component VaR

| Rank | Name | Position (KRW) | σ10d | cVaR (KRW) | cVaR/Port | cVaR/Pos | Note |
|---:|---|---:|---:|---:|---:|---:|---|
| 1 | 세아베스틸지주 | 1,974,400 | 0.2609 | 968,967 | 58.58% | 49.08% |  |
| 2 | 영원무역홀딩스 | 3,014,400 | 0.0809 | 317,824 | 19.21% | 10.54% |  |
| 3 | 삼성물산 | 1,611,000 | 0.0695 | 106,084 | 6.41% | 6.58% |  |
| 4 | 현대지에프홀딩스 | 713,700 | 0.0667 | 55,333 | 3.35% | 7.75% |  |
| 5 | 아모레퍼시픽홀딩스 | 468,900 | 0.0836 | 36,350 | 2.20% | 7.75% |  |
| 6 | 동아쏘시오홀딩스 | 1,066,000 | 0.0438 | 34,318 | 2.07% | 3.22% |  |
| 7 | LG디스플레이 | 989,520 | 0.0565 | 34,014 | 2.06% | 3.44% |  |
| 8 | 오리온홀딩스 | 703,080 | 0.0454 | 32,822 | 1.98% | 4.67% |  |
| 9 | 강원랜드 | 1,078,200 | 0.0419 | 31,995 | 1.93% | 2.97% |  |
| 10 | LG유플러스 | 889,700 | 0.0414 | 19,623 | 1.19% | 2.21% |  |

- Σ cVaR (all names) = 1,654,166 KRW
