# 포트폴리오 보고서 (기준일: 2026-01-13)

## 요약
- 포트폴리오 **누적 수익률**: **21.50%**  (V₀=11,045,878, Vₜ=13,695,620)
- 포트폴리오 **일일 수익률**: **1.13%**  (공통 거래일: 2026-01-12 → 2026-01-13)
- KOSPI **일일 수익률**: **1.23%**  (비교 기준일: 2025-09-16)
- **초과수익률(일일)**: **-0.11%**

## 개별 종목 현황 (오늘 기준)

| name | code | shares | buy_price | last_date | close_last | r_i_cum | r_i_daily |
|---|---:|---:|---:|---|---:|---:|---:|
| KT | 030200 | 16 | 52,901 | 2026-01-13 | 52,900 | -0.00% | 2.29% |
| LG디스플레이 | 034220 | 84 | 11,940 | 2026-01-13 | 12,130 | 1.58% | 1.24% |
| LG유플러스 | 032640 | 62 | 14,955 | 2026-01-13 | 14,980 | 0.17% | 2.71% |
| 강원랜드 | 035250 | 60 | 18,291 | 2026-01-13 | 18,140 | -0.83% | 1.16% |
| 동아쏘시오홀딩스 | 000640 | 10 | 109,982 | 2026-01-13 | 106,000 | -3.69% | -1.41% |
| 삼성물산 | 028260 | 6 | 173,255 | 2026-01-13 | 273,500 | 45.65% | 2.22% |
| 세아베스틸지주 | 001430 | 32 | 27,976 | 2026-01-13 | 68,800 | 89.99% | 0.73% |
| 아모레퍼시픽홀딩스 | 002790 | 18 | 27,825 | 2026-01-13 | 25,950 | -6.98% | -0.19% |
| 영원무역홀딩스 | 009970 | 16 | 133,954 | 2026-01-13 | 188,300 | 34.05% | 1.50% |
| 오리온홀딩스 | 001800 | 36 | 21,026 | 2026-01-13 | 19,790 | -6.06% | 0.61% |
| 현대지에프홀딩스 | 005440 | 90 | 8,180 | 2026-01-13 | 7,980 | -2.48% | -0.13% |

## Beta (1Y, 일간 로그수익률)
- 기준일: **2026-01-13**, 윈도우: **2025-01-13 ~ 2026-01-13**

### 포트폴리오 Beta
- 관측치 수: **165**  (공통 거래일 기준)
- 기간: **2025-01-14 ~ 2025-09-16**
- **Beta (직접법)**: **0.6596**

### 개별 종목 Beta
| name | code | n | period | beta |
|---|---:|---:|---|---:|
| KT | 030200 | 166 | 2025-01-13 ~ 2025-09-16 | 0.2760 |
| LG디스플레이 | 034220 | 166 | 2025-01-13 ~ 2025-09-16 | 1.2858 |
| LG유플러스 | 032640 | 166 | 2025-01-13 ~ 2025-09-16 | 0.2117 |
| 강원랜드 | 035250 | 166 | 2025-01-13 ~ 2025-09-16 | 0.3837 |
| 동아쏘시오홀딩스 | 000640 | 166 | 2025-01-13 ~ 2025-09-16 | 0.2659 |
| 삼성물산 | 028260 | 166 | 2025-01-13 ~ 2025-09-16 | 1.0100 |
| 세아베스틸지주 | 001430 | 166 | 2025-01-13 ~ 2025-09-16 | 0.6905 |
| 아모레퍼시픽홀딩스 | 002790 | 166 | 2025-01-13 ~ 2025-09-16 | 0.8477 |
| 영원무역홀딩스 | 009970 | 166 | 2025-01-13 ~ 2025-09-16 | 0.8059 |
| 오리온홀딩스 | 001800 | 166 | 2025-01-13 ~ 2025-09-16 | 0.7757 |
| 현대지에프홀딩스 | 005440 | 166 | 2025-01-13 ~ 2025-09-16 | 0.8644 |

## EWMA Vol (1Y, λ=0.94, Daily)
- 기준일: **2026-01-13**, 윈도우: **2025-01-13 ~ 2026-01-13**
- 결과는 **일간 표준편차(σ)**이며 **연간화하지 않음**

| name | code | n | period | ewma_sigma_daily |
|---|---:|---:|---|---:|
| KT | 030200 | 243 | 2025-01-13 ~ 2026-01-13 | 0.014645 |
| LG디스플레이 | 034220 | 243 | 2025-01-13 ~ 2026-01-13 | 0.020807 |
| LG유플러스 | 032640 | 243 | 2025-01-13 ~ 2026-01-13 | 0.015638 |
| 강원랜드 | 035250 | 243 | 2025-01-13 ~ 2026-01-13 | 0.011672 |
| 동아쏘시오홀딩스 | 000640 | 243 | 2025-01-13 ~ 2026-01-13 | 0.012811 |
| 삼성물산 | 028260 | 243 | 2025-01-13 ~ 2026-01-13 | 0.023384 |
| 세아베스틸지주 | 001430 | 243 | 2025-01-13 ~ 2026-01-13 | 0.072458 |
| 아모레퍼시픽홀딩스 | 002790 | 243 | 2025-01-13 ~ 2026-01-13 | 0.025311 |
| 영원무역홀딩스 | 009970 | 243 | 2025-01-13 ~ 2026-01-13 | 0.027977 |
| 오리온홀딩스 | 001800 | 243 | 2025-01-13 ~ 2026-01-13 | 0.013852 |
| 현대지에프홀딩스 | 005440 | 243 | 2025-01-13 ~ 2026-01-13 | 0.019229 |
## 종목 간 상관관계 (1년)

- 기준일: 2026-01-13  | 기간: 2025-01-13 ~ 2026-01-13


| name | 동아쏘시오홀딩스 | 세아베스틸지주 | 오리온홀딩스 | 아모레퍼시픽홀딩스 | 현대지에프홀딩스 | 영원무역홀딩스 | 삼성물산 | KT | LG유플러스 | 강원랜드 | LG디스플레이 |
|---|---:|---:|---:|---:|---:|---:|---:|---:|---:|---:|---:|
| 동아쏘시오홀딩스 | 1.0000 | 0.0842 | 0.3338 | 0.1617 | 0.3579 | 0.2274 | 0.1690 | 0.0701 | 0.1352 | 0.1766 | 0.2057 |
| 세아베스틸지주 | 0.0842 | 1.0000 | 0.1312 | 0.2003 | 0.1413 | 0.0757 | 0.0638 | 0.0074 | 0.0303 | 0.0927 | 0.0395 |
| 오리온홀딩스 | 0.3338 | 0.1312 | 1.0000 | 0.3538 | 0.5745 | 0.3688 | 0.3018 | 0.2114 | 0.2443 | 0.2289 | 0.1432 |
| 아모레퍼시픽홀딩스 | 0.1617 | 0.2003 | 0.3538 | 1.0000 | 0.2975 | 0.1675 | 0.3189 | 0.1779 | 0.1262 | 0.2200 | 0.1509 |
| 현대지에프홀딩스 | 0.3579 | 0.1413 | 0.5745 | 0.2975 | 1.0000 | 0.4360 | 0.3739 | 0.2156 | 0.2051 | 0.3271 | 0.1723 |
| 영원무역홀딩스 | 0.2274 | 0.0757 | 0.3688 | 0.1675 | 0.4360 | 1.0000 | 0.2648 | 0.2423 | 0.1889 | 0.1805 | 0.1449 |
| 삼성물산 | 0.1690 | 0.0638 | 0.3018 | 0.3189 | 0.3739 | 0.2648 | 1.0000 | 0.1979 | 0.1173 | 0.1190 | 0.2583 |
| KT | 0.0701 | 0.0074 | 0.2114 | 0.1779 | 0.2156 | 0.2423 | 0.1979 | 1.0000 | 0.2905 | 0.1937 | 0.0834 |
| LG유플러스 | 0.1352 | 0.0303 | 0.2443 | 0.1262 | 0.2051 | 0.1889 | 0.1173 | 0.2905 | 1.0000 | 0.1976 | 0.1585 |
| 강원랜드 | 0.1766 | 0.0927 | 0.2289 | 0.2200 | 0.3271 | 0.1805 | 0.1190 | 0.1937 | 0.1976 | 1.0000 | 0.2443 |
| LG디스플레이 | 0.2057 | 0.0395 | 0.1432 | 0.1509 | 0.1723 | 0.1449 | 0.2583 | 0.0834 | 0.1585 | 0.2443 | 1.0000 |

## 포트폴리오 VaR (10-day, 99%) — 2026-01-13

- Total portfolio value (used): 13,695,620 KRW
- z-score: 2.33
- Portfolio σ (money, 10d): 758,974 KRW
- **Portfolio VaR (10d, 99%)**: **1,768,409 KRW**
- VaR / Portfolio value: **12.91%** → ✅ 15% 이하

## Top 10 Component VaR

| Rank | Name | Position (KRW) | σ10d | cVaR (KRW) | cVaR/Port | cVaR/Pos | Note |
|---:|---|---:|---:|---:|---:|---:|---|
| 1 | 세아베스틸지주 | 2,201,600 | 0.2664 | 1,153,244 | 65.21% | 52.38% |  |
| 2 | 영원무역홀딩스 | 3,012,800 | 0.0775 | 276,819 | 15.65% | 9.19% |  |
| 3 | 삼성물산 | 1,641,000 | 0.0674 | 97,102 | 5.49% | 5.92% |  |
| 4 | 현대지에프홀딩스 | 718,200 | 0.0629 | 49,255 | 2.79% | 6.86% |  |
| 5 | 아모레퍼시픽홀딩스 | 467,100 | 0.0790 | 32,731 | 1.85% | 7.01% |  |
| 6 | LG디스플레이 | 1,018,920 | 0.0544 | 31,932 | 1.81% | 3.13% |  |
| 7 | 동아쏘시오홀딩스 | 1,060,000 | 0.0416 | 30,384 | 1.72% | 2.87% |  |
| 8 | 오리온홀딩스 | 712,440 | 0.0432 | 29,803 | 1.69% | 4.18% |  |
| 9 | 강원랜드 | 1,088,400 | 0.0405 | 29,661 | 1.68% | 2.73% |  |
| 10 | LG유플러스 | 928,760 | 0.0437 | 21,135 | 1.20% | 2.28% |  |

- Σ cVaR (all names) = 1,768,409 KRW
