# 포트폴리오 보고서 (기준일: 2025-11-18)

## 요약
- 포트폴리오 **누적 수익률**: **5.09%**  (V₀=11,045,878, Vₜ=11,622,840)
- 포트폴리오 **일일 수익률**: **-1.55%**  (공통 거래일: 2025-11-17 → 2025-11-18)
- KOSPI **일일 수익률**: **-3.37%**  (비교 기준일: 2025-11-18)
- **초과수익률(일일)**: **1.82%**

## 개별 종목 현황 (오늘 기준)

| name | code | shares | buy_price | last_date | close_last | r_i_cum | r_i_daily |
|---|---:|---:|---:|---|---:|---:|---:|
| KT | 030200 | 16 | 52,901 | 2025-11-18 | 49,200 | -7.25% | -1.41% |
| LG디스플레이 | 034220 | 84 | 11,940 | 2025-11-18 | 12,130 | 1.58% | -6.23% |
| LG유플러스 | 032640 | 62 | 14,955 | 2025-11-18 | 15,120 | 1.10% | -3.00% |
| 강원랜드 | 035250 | 60 | 18,291 | 2025-11-18 | 17,390 | -5.05% | 0.52% |
| 동아쏘시오홀딩스 | 000640 | 10 | 109,982 | 2025-11-18 | 107,200 | -2.56% | -0.47% |
| 삼성물산 | 028260 | 6 | 173,255 | 2025-11-18 | 214,500 | 21.35% | -2.76% |
| 세아베스틸지주 | 001430 | 32 | 27,976 | 2025-11-18 | 26,750 | -4.48% | -4.75% |
| 아모레퍼시픽홀딩스 | 002790 | 18 | 27,825 | 2025-11-18 | 26,950 | -3.20% | -2.56% |
| 영원무역홀딩스 | 009970 | 16 | 133,954 | 2025-11-18 | 168,700 | 23.06% | 2.04% |
| 오리온홀딩스 | 001800 | 36 | 21,026 | 2025-11-18 | 19,530 | -7.38% | -1.52% |
| 현대지에프홀딩스 | 005440 | 90 | 8,180 | 2025-11-18 | 8,150 | -0.37% | -4.09% |

## Beta (1Y, 일간 로그수익률)
- 기준일: **2025-11-18**, 윈도우: **2024-11-18 ~ 2025-11-18**

### 포트폴리오 Beta
- 관측치 수: **242**  (공통 거래일 기준)
- 기간: **2024-11-19 ~ 2025-11-18**
- **Beta (직접법)**: **0.5842**

### 개별 종목 Beta
| name | code | n | period | beta |
|---|---:|---:|---|---:|
| KT | 030200 | 243 | 2024-11-18 ~ 2025-11-18 | 0.2904 |
| LG디스플레이 | 034220 | 243 | 2024-11-18 ~ 2025-11-18 | 1.1661 |
| LG유플러스 | 032640 | 243 | 2024-11-18 ~ 2025-11-18 | 0.2003 |
| 강원랜드 | 035250 | 243 | 2024-11-18 ~ 2025-11-18 | 0.3586 |
| 동아쏘시오홀딩스 | 000640 | 243 | 2024-11-18 ~ 2025-11-18 | 0.2023 |
| 삼성물산 | 028260 | 243 | 2024-11-18 ~ 2025-11-18 | 1.0731 |
| 세아베스틸지주 | 001430 | 243 | 2024-11-18 ~ 2025-11-18 | 0.5769 |
| 아모레퍼시픽홀딩스 | 002790 | 243 | 2024-11-18 ~ 2025-11-18 | 0.7440 |
| 영원무역홀딩스 | 009970 | 243 | 2024-11-18 ~ 2025-11-18 | 0.5592 |
| 오리온홀딩스 | 001800 | 243 | 2024-11-18 ~ 2025-11-18 | 0.6541 |
| 현대지에프홀딩스 | 005440 | 243 | 2024-11-18 ~ 2025-11-18 | 0.7776 |

## EWMA Vol (1Y, λ=0.94, Daily)
- 기준일: **2025-11-18**, 윈도우: **2024-11-18 ~ 2025-11-18**
- 결과는 **일간 표준편차(σ)**이며 **연간화하지 않음**

| name | code | n | period | ewma_sigma_daily |
|---|---:|---:|---|---:|
| KT | 030200 | 243 | 2024-11-18 ~ 2025-11-18 | 0.012675 |
| LG디스플레이 | 034220 | 243 | 2024-11-18 ~ 2025-11-18 | 0.031633 |
| LG유플러스 | 032640 | 243 | 2024-11-18 ~ 2025-11-18 | 0.020240 |
| 강원랜드 | 035250 | 243 | 2024-11-18 ~ 2025-11-18 | 0.011346 |
| 동아쏘시오홀딩스 | 000640 | 243 | 2024-11-18 ~ 2025-11-18 | 0.015201 |
| 삼성물산 | 028260 | 243 | 2024-11-18 ~ 2025-11-18 | 0.029061 |
| 세아베스틸지주 | 001430 | 243 | 2024-11-18 ~ 2025-11-18 | 0.031648 |
| 아모레퍼시픽홀딩스 | 002790 | 243 | 2024-11-18 ~ 2025-11-18 | 0.022027 |
| 영원무역홀딩스 | 009970 | 243 | 2024-11-18 ~ 2025-11-18 | 0.035728 |
| 오리온홀딩스 | 001800 | 243 | 2024-11-18 ~ 2025-11-18 | 0.020422 |
| 현대지에프홀딩스 | 005440 | 243 | 2024-11-18 ~ 2025-11-18 | 0.033248 |
## 종목 간 상관관계 (1년)

- 기준일: 2025-11-18  | 기간: 2024-11-18 ~ 2025-11-18


| name | 동아쏘시오홀딩스 | 세아베스틸지주 | 오리온홀딩스 | 아모레퍼시픽홀딩스 | 현대지에프홀딩스 | 영원무역홀딩스 | 삼성물산 | KT | LG유플러스 | 강원랜드 | LG디스플레이 |
|---|---:|---:|---:|---:|---:|---:|---:|---:|---:|---:|---:|
| 동아쏘시오홀딩스 | 1.0000 | 0.1862 | 0.3149 | 0.1975 | 0.3250 | 0.2393 | 0.1602 | 0.0260 | 0.0759 | 0.1563 | 0.1839 |
| 세아베스틸지주 | 0.1862 | 1.0000 | 0.2190 | 0.3118 | 0.2587 | 0.1809 | 0.0923 | 0.0806 | 0.0953 | 0.2988 | 0.1474 |
| 오리온홀딩스 | 0.3149 | 0.2190 | 1.0000 | 0.3979 | 0.5575 | 0.3852 | 0.3431 | 0.1890 | 0.2440 | 0.2571 | 0.1685 |
| 아모레퍼시픽홀딩스 | 0.1975 | 0.3118 | 0.3979 | 1.0000 | 0.3211 | 0.2149 | 0.3956 | 0.2187 | 0.1194 | 0.2979 | 0.2215 |
| 현대지에프홀딩스 | 0.3250 | 0.2587 | 0.5575 | 0.3211 | 1.0000 | 0.4441 | 0.3925 | 0.2479 | 0.2092 | 0.3369 | 0.1943 |
| 영원무역홀딩스 | 0.2393 | 0.1809 | 0.3852 | 0.2149 | 0.4441 | 1.0000 | 0.2810 | 0.2576 | 0.1715 | 0.1726 | 0.1476 |
| 삼성물산 | 0.1602 | 0.0923 | 0.3431 | 0.3956 | 0.3925 | 0.2810 | 1.0000 | 0.1956 | 0.1606 | 0.1941 | 0.2820 |
| KT | 0.0260 | 0.0806 | 0.1890 | 0.2187 | 0.2479 | 0.2576 | 0.1956 | 1.0000 | 0.3439 | 0.2013 | 0.0714 |
| LG유플러스 | 0.0759 | 0.0953 | 0.2440 | 0.1194 | 0.2092 | 0.1715 | 0.1606 | 0.3439 | 1.0000 | 0.2104 | 0.1596 |
| 강원랜드 | 0.1563 | 0.2988 | 0.2571 | 0.2979 | 0.3369 | 0.1726 | 0.1941 | 0.2013 | 0.2104 | 1.0000 | 0.2902 |
| LG디스플레이 | 0.1839 | 0.1474 | 0.1685 | 0.2215 | 0.1943 | 0.1476 | 0.2820 | 0.0714 | 0.1596 | 0.2902 | 1.0000 |

## 포트폴리오 VaR (10-day, 99%) — 2025-11-18

- Total portfolio value (used): 11,622,840 KRW
- z-score: 2.33
- Portfolio σ (money, 10d): 533,677 KRW
- **Portfolio VaR (10d, 99%)**: **1,243,467 KRW**
- VaR / Portfolio value: **10.70%** → ✅ 15% 이하

## Top 10 Component VaR

| Rank | Name | Position (KRW) | σ10d | cVaR (KRW) | cVaR/Port | cVaR/Pos | Note |
|---:|---|---:|---:|---:|---:|---:|---|
| 1 | 영원무역홀딩스 | 2,699,200 | 0.1003 | 506,627 | 40.74% | 18.77% |  |
| 2 | 삼성물산 | 1,287,000 | 0.0854 | 148,725 | 11.96% | 11.56% |  |
| 3 | 현대지에프홀딩스 | 733,500 | 0.1074 | 127,145 | 10.23% | 17.33% |  |
| 4 | 세아베스틸지주 | 856,000 | 0.1145 | 102,525 | 8.25% | 11.98% |  |
| 5 | LG디스플레이 | 1,018,920 | 0.0826 | 85,408 | 6.87% | 8.38% |  |
| 6 | 오리온홀딩스 | 703,080 | 0.0638 | 63,911 | 5.14% | 9.09% |  |
| 7 | LG유플러스 | 937,440 | 0.0663 | 55,053 | 4.43% | 5.87% |  |
| 8 | 동아쏘시오홀딩스 | 1,072,000 | 0.0468 | 49,119 | 3.95% | 4.58% |  |
| 9 | 강원랜드 | 1,043,400 | 0.0375 | 40,348 | 3.24% | 3.87% |  |
| 10 | 아모레퍼시픽홀딩스 | 485,100 | 0.0685 | 38,148 | 3.07% | 7.86% |  |

- Σ cVaR (all names) = 1,243,467 KRW
