# 포트폴리오 보고서 (기준일: 2025-12-30)

## 요약
- 포트폴리오 **누적 수익률**: **16.77%**  (V₀=11,045,878, Vₜ=13,062,180)
- 포트폴리오 **일일 수익률**: **0.55%**  (공통 거래일: 2025-12-29 → 2025-12-30)
- KOSPI **일일 수익률**: **-0.15%**  (비교 기준일: 2025-12-30)
- **초과수익률(일일)**: **0.70%**

## 개별 종목 현황 (오늘 기준)

| name | code | shares | buy_price | last_date | close_last | r_i_cum | r_i_daily |
|---|---:|---:|---:|---|---:|---:|---:|
| KT | 030200 | 16 | 52,901 | 2025-12-30 | 52,600 | -0.57% | -0.76% |
| LG디스플레이 | 034220 | 84 | 11,940 | 2025-12-30 | 11,810 | -1.09% | -1.60% |
| LG유플러스 | 032640 | 62 | 14,955 | 2025-12-30 | 14,720 | -1.58% | -0.88% |
| 강원랜드 | 035250 | 60 | 18,291 | 2025-12-30 | 18,950 | 3.54% | 2.46% |
| 동아쏘시오홀딩스 | 000640 | 10 | 109,982 | 2025-12-30 | 109,600 | -0.35% | 0.27% |
| 삼성물산 | 028260 | 6 | 173,255 | 2025-12-30 | 239,500 | 32.38% | -0.83% |
| 세아베스틸지주 | 001430 | 32 | 27,976 | 2025-12-30 | 50,200 | 58.47% | 3.14% |
| 아모레퍼시픽홀딩스 | 002790 | 18 | 27,825 | 2025-12-30 | 26,850 | -3.57% | 0.19% |
| 영원무역홀딩스 | 009970 | 16 | 133,954 | 2025-12-30 | 191,500 | 35.74% | 0.89% |
| 오리온홀딩스 | 001800 | 36 | 21,026 | 2025-12-30 | 20,650 | -1.80% | 0.24% |
| 현대지에프홀딩스 | 005440 | 90 | 8,180 | 2025-12-30 | 8,320 | 1.70% | 0.48% |

## Beta (1Y, 일간 로그수익률)
- 기준일: **2025-12-30**, 윈도우: **2024-12-30 ~ 2025-12-30**

### 포트폴리오 Beta
- 관측치 수: **242**  (공통 거래일 기준)
- 기간: **2025-01-02 ~ 2025-12-30**
- **Beta (직접법)**: **0.5596**

### 개별 종목 Beta
| name | code | n | period | beta |
|---|---:|---:|---|---:|
| KT | 030200 | 243 | 2024-12-30 ~ 2025-12-30 | 0.2176 |
| LG디스플레이 | 034220 | 243 | 2024-12-30 ~ 2025-12-30 | 1.0744 |
| LG유플러스 | 032640 | 243 | 2024-12-30 ~ 2025-12-30 | 0.1499 |
| 강원랜드 | 035250 | 243 | 2024-12-30 ~ 2025-12-30 | 0.2435 |
| 동아쏘시오홀딩스 | 000640 | 243 | 2024-12-30 ~ 2025-12-30 | 0.2127 |
| 삼성물산 | 028260 | 243 | 2024-12-30 ~ 2025-12-30 | 1.0515 |
| 세아베스틸지주 | 001430 | 243 | 2024-12-30 ~ 2025-12-30 | 0.6424 |
| 아모레퍼시픽홀딩스 | 002790 | 243 | 2024-12-30 ~ 2025-12-30 | 0.6074 |
| 영원무역홀딩스 | 009970 | 243 | 2024-12-30 ~ 2025-12-30 | 0.6158 |
| 오리온홀딩스 | 001800 | 243 | 2024-12-30 ~ 2025-12-30 | 0.5707 |
| 현대지에프홀딩스 | 005440 | 243 | 2024-12-30 ~ 2025-12-30 | 0.7172 |

## EWMA Vol (1Y, λ=0.94, Daily)
- 기준일: **2025-12-30**, 윈도우: **2024-12-30 ~ 2025-12-30**
- 결과는 **일간 표준편차(σ)**이며 **연간화하지 않음**

| name | code | n | period | ewma_sigma_daily |
|---|---:|---:|---|---:|
| KT | 030200 | 243 | 2024-12-30 ~ 2025-12-30 | 0.013393 |
| LG디스플레이 | 034220 | 243 | 2024-12-30 ~ 2025-12-30 | 0.020260 |
| LG유플러스 | 032640 | 243 | 2024-12-30 ~ 2025-12-30 | 0.014810 |
| 강원랜드 | 035250 | 243 | 2024-12-30 ~ 2025-12-30 | 0.011706 |
| 동아쏘시오홀딩스 | 000640 | 243 | 2024-12-30 ~ 2025-12-30 | 0.014834 |
| 삼성물산 | 028260 | 243 | 2024-12-30 ~ 2025-12-30 | 0.024818 |
| 세아베스틸지주 | 001430 | 243 | 2024-12-30 ~ 2025-12-30 | 0.079800 |
| 아모레퍼시픽홀딩스 | 002790 | 243 | 2024-12-30 ~ 2025-12-30 | 0.019192 |
| 영원무역홀딩스 | 009970 | 243 | 2024-12-30 ~ 2025-12-30 | 0.032714 |
| 오리온홀딩스 | 001800 | 243 | 2024-12-30 ~ 2025-12-30 | 0.014387 |
| 현대지에프홀딩스 | 005440 | 243 | 2024-12-30 ~ 2025-12-30 | 0.020843 |
## 종목 간 상관관계 (1년)

- 기준일: 2025-12-30  | 기간: 2024-12-30 ~ 2025-12-30


| name | 동아쏘시오홀딩스 | 세아베스틸지주 | 오리온홀딩스 | 아모레퍼시픽홀딩스 | 현대지에프홀딩스 | 영원무역홀딩스 | 삼성물산 | KT | LG유플러스 | 강원랜드 | LG디스플레이 |
|---|---:|---:|---:|---:|---:|---:|---:|---:|---:|---:|---:|
| 동아쏘시오홀딩스 | 1.0000 | 0.0978 | 0.3150 | 0.1719 | 0.3359 | 0.2183 | 0.1722 | 0.0463 | 0.1131 | 0.1440 | 0.2034 |
| 세아베스틸지주 | 0.0978 | 1.0000 | 0.1561 | 0.1655 | 0.1679 | 0.1157 | 0.0602 | 0.0382 | 0.0492 | 0.1336 | 0.0442 |
| 오리온홀딩스 | 0.3150 | 0.1561 | 1.0000 | 0.3785 | 0.5687 | 0.3630 | 0.3137 | 0.1976 | 0.2330 | 0.2126 | 0.1450 |
| 아모레퍼시픽홀딩스 | 0.1719 | 0.1655 | 0.3785 | 1.0000 | 0.3169 | 0.2030 | 0.3567 | 0.2144 | 0.1460 | 0.2552 | 0.1806 |
| 현대지에프홀딩스 | 0.3359 | 0.1679 | 0.5687 | 0.3169 | 1.0000 | 0.4327 | 0.3842 | 0.2037 | 0.2070 | 0.3079 | 0.1699 |
| 영원무역홀딩스 | 0.2183 | 0.1157 | 0.3630 | 0.2030 | 0.4327 | 1.0000 | 0.2680 | 0.2367 | 0.1831 | 0.1586 | 0.1452 |
| 삼성물산 | 0.1722 | 0.0602 | 0.3137 | 0.3567 | 0.3842 | 0.2680 | 1.0000 | 0.2004 | 0.1207 | 0.1248 | 0.2594 |
| KT | 0.0463 | 0.0382 | 0.1976 | 0.2144 | 0.2037 | 0.2367 | 0.2004 | 1.0000 | 0.2772 | 0.1608 | 0.0789 |
| LG유플러스 | 0.1131 | 0.0492 | 0.2330 | 0.1460 | 0.2070 | 0.1831 | 0.1207 | 0.2772 | 1.0000 | 0.1817 | 0.1555 |
| 강원랜드 | 0.1440 | 0.1336 | 0.2126 | 0.2552 | 0.3079 | 0.1586 | 0.1248 | 0.1608 | 0.1817 | 1.0000 | 0.2410 |
| LG디스플레이 | 0.2034 | 0.0442 | 0.1450 | 0.1806 | 0.1699 | 0.1452 | 0.2594 | 0.0789 | 0.1555 | 0.2410 | 1.0000 |

## 포트폴리오 VaR (10-day, 99%) — 2025-12-30

- Total portfolio value (used): 13,062,180 KRW
- z-score: 2.33
- Portfolio σ (money, 10d): 687,650 KRW
- **Portfolio VaR (10d, 99%)**: **1,602,225 KRW**
- VaR / Portfolio value: **12.27%** → ✅ 15% 이하

## Top 10 Component VaR

| Rank | Name | Position (KRW) | σ10d | cVaR (KRW) | cVaR/Port | cVaR/Pos | Note |
|---:|---|---:|---:|---:|---:|---:|---|
| 1 | 세아베스틸지주 | 1,606,400 | 0.2828 | 812,786 | 50.73% | 50.60% |  |
| 2 | 영원무역홀딩스 | 3,064,000 | 0.0911 | 415,498 | 25.93% | 13.56% |  |
| 3 | 삼성물산 | 1,437,000 | 0.0702 | 96,465 | 6.02% | 6.71% |  |
| 4 | 현대지에프홀딩스 | 748,800 | 0.0678 | 63,500 | 3.96% | 8.48% |  |
| 5 | 동아쏘시오홀딩스 | 1,096,000 | 0.0482 | 41,378 | 2.58% | 3.78% |  |
| 6 | 오리온홀딩스 | 743,400 | 0.0443 | 36,321 | 2.27% | 4.89% |  |
| 7 | 강원랜드 | 1,137,000 | 0.0407 | 35,378 | 2.21% | 3.11% |  |
| 8 | LG디스플레이 | 992,040 | 0.0532 | 33,720 | 2.10% | 3.40% |  |
| 9 | 아모레퍼시픽홀딩스 | 483,300 | 0.0615 | 27,020 | 1.69% | 5.59% |  |
| 10 | LG유플러스 | 912,640 | 0.0411 | 22,430 | 1.40% | 2.46% |  |

- Σ cVaR (all names) = 1,602,225 KRW
