# 포트폴리오 보고서 (기준일: 2025-10-23)

## 요약
- 포트폴리오 **누적 수익률**: **1.64%**  (V₀=11,045,878, Vₜ=11,228,180)
- 포트폴리오 **일일 수익률**: **-0.93%**  (공통 거래일: 2025-10-22 → 2025-10-23)
- KOSPI **일일 수익률**: **-0.99%**  (비교 기준일: 2025-10-23)
- **초과수익률(일일)**: **0.06%**

## 개별 종목 현황 (오늘 기준)

| name | code | shares | buy_price | last_date | close_last | r_i_cum | r_i_daily |
|---|---:|---:|---:|---|---:|---:|---:|
| KT | 030200 | 16 | 52,901 | 2025-10-23 | 49,800 | -6.04% | -1.59% |
| LG디스플레이 | 034220 | 84 | 11,940 | 2025-10-23 | 14,150 | 16.98% | -0.28% |
| LG유플러스 | 032640 | 62 | 14,955 | 2025-10-23 | 15,080 | 0.83% | 0.67% |
| 강원랜드 | 035250 | 60 | 18,291 | 2025-10-23 | 17,090 | -6.79% | -0.70% |
| 동아쏘시오홀딩스 | 000640 | 10 | 109,982 | 2025-10-23 | 109,500 | -0.44% | 0.37% |
| 삼성물산 | 028260 | 6 | 173,255 | 2025-10-23 | 206,000 | 17.31% | -0.97% |
| 세아베스틸지주 | 001430 | 32 | 27,976 | 2025-10-23 | 26,550 | -5.23% | -1.50% |
| 아모레퍼시픽홀딩스 | 002790 | 18 | 27,825 | 2025-10-23 | 25,200 | -9.91% | -0.99% |
| 영원무역홀딩스 | 009970 | 16 | 133,954 | 2025-10-23 | 139,600 | 4.13% | -0.93% |
| 오리온홀딩스 | 001800 | 36 | 21,026 | 2025-10-23 | 19,370 | -8.20% | -2.40% |
| 현대지에프홀딩스 | 005440 | 90 | 8,180 | 2025-10-23 | 7,970 | -2.60% | -3.33% |

## Beta (1Y, 일간 로그수익률)
- 기준일: **2025-10-23**, 윈도우: **2024-10-23 ~ 2025-10-23**

### 포트폴리오 Beta
- 관측치 수: **242**  (공통 거래일 기준)
- 기간: **2024-10-24 ~ 2025-10-23**
- **Beta (직접법)**: **0.6226**

### 개별 종목 Beta
| name | code | n | period | beta |
|---|---:|---:|---|---:|
| KT | 030200 | 243 | 2024-10-23 ~ 2025-10-23 | 0.2591 |
| LG디스플레이 | 034220 | 243 | 2024-10-23 ~ 2025-10-23 | 1.2668 |
| LG유플러스 | 032640 | 243 | 2024-10-23 ~ 2025-10-23 | 0.2484 |
| 강원랜드 | 035250 | 243 | 2024-10-23 ~ 2025-10-23 | 0.3996 |
| 동아쏘시오홀딩스 | 000640 | 243 | 2024-10-23 ~ 2025-10-23 | 0.2450 |
| 삼성물산 | 028260 | 243 | 2024-10-23 ~ 2025-10-23 | 1.1065 |
| 세아베스틸지주 | 001430 | 243 | 2024-10-23 ~ 2025-10-23 | 0.6186 |
| 아모레퍼시픽홀딩스 | 002790 | 243 | 2024-10-23 ~ 2025-10-23 | 0.8726 |
| 영원무역홀딩스 | 009970 | 243 | 2024-10-23 ~ 2025-10-23 | 0.5908 |
| 오리온홀딩스 | 001800 | 243 | 2024-10-23 ~ 2025-10-23 | 0.6486 |
| 현대지에프홀딩스 | 005440 | 243 | 2024-10-23 ~ 2025-10-23 | 0.8047 |

## EWMA Vol (1Y, λ=0.94, Daily)
- 기준일: **2025-10-23**, 윈도우: **2024-10-23 ~ 2025-10-23**
- 결과는 **일간 표준편차(σ)**이며 **연간화하지 않음**

| name | code | n | period | ewma_sigma_daily |
|---|---:|---:|---|---:|
| KT | 030200 | 243 | 2024-10-23 ~ 2025-10-23 | 0.012971 |
| LG디스플레이 | 034220 | 243 | 2024-10-23 ~ 2025-10-23 | 0.033602 |
| LG유플러스 | 032640 | 243 | 2024-10-23 ~ 2025-10-23 | 0.015304 |
| 강원랜드 | 035250 | 243 | 2024-10-23 ~ 2025-10-23 | 0.010055 |
| 동아쏘시오홀딩스 | 000640 | 243 | 2024-10-23 ~ 2025-10-23 | 0.017195 |
| 삼성물산 | 028260 | 243 | 2024-10-23 ~ 2025-10-23 | 0.026029 |
| 세아베스틸지주 | 001430 | 243 | 2024-10-23 ~ 2025-10-23 | 0.027172 |
| 아모레퍼시픽홀딩스 | 002790 | 243 | 2024-10-23 ~ 2025-10-23 | 0.014810 |
| 영원무역홀딩스 | 009970 | 243 | 2024-10-23 ~ 2025-10-23 | 0.018904 |
| 오리온홀딩스 | 001800 | 243 | 2024-10-23 ~ 2025-10-23 | 0.015245 |
| 현대지에프홀딩스 | 005440 | 243 | 2024-10-23 ~ 2025-10-23 | 0.027626 |
## 종목 간 상관관계 (1년)

- 기준일: 2025-10-23  | 기간: 2024-10-23 ~ 2025-10-23


| name | 동아쏘시오홀딩스 | 세아베스틸지주 | 오리온홀딩스 | 아모레퍼시픽홀딩스 | 현대지에프홀딩스 | 영원무역홀딩스 | 삼성물산 | KT | LG유플러스 | 강원랜드 | LG디스플레이 |
|---|---:|---:|---:|---:|---:|---:|---:|---:|---:|---:|---:|
| 동아쏘시오홀딩스 | 1.0000 | 0.1390 | 0.2911 | 0.2184 | 0.3105 | 0.2187 | 0.1113 | 0.0026 | 0.0724 | 0.1520 | 0.1805 |
| 세아베스틸지주 | 0.1390 | 1.0000 | 0.1872 | 0.2475 | 0.2507 | 0.2556 | 0.0904 | 0.0292 | 0.0562 | 0.2312 | 0.1275 |
| 오리온홀딩스 | 0.2911 | 0.1872 | 1.0000 | 0.3575 | 0.5072 | 0.3958 | 0.3138 | 0.1776 | 0.2347 | 0.2215 | 0.1480 |
| 아모레퍼시픽홀딩스 | 0.2184 | 0.2475 | 0.3575 | 1.0000 | 0.3251 | 0.2601 | 0.4487 | 0.1592 | 0.0875 | 0.2660 | 0.2496 |
| 현대지에프홀딩스 | 0.3105 | 0.2507 | 0.5072 | 0.3251 | 1.0000 | 0.3901 | 0.3789 | 0.1549 | 0.1727 | 0.2977 | 0.1606 |
| 영원무역홀딩스 | 0.2187 | 0.2556 | 0.3958 | 0.2601 | 0.3901 | 1.0000 | 0.2720 | 0.2028 | 0.1533 | 0.1376 | 0.1377 |
| 삼성물산 | 0.1113 | 0.0904 | 0.3138 | 0.4487 | 0.3789 | 0.2720 | 1.0000 | 0.1517 | 0.1485 | 0.1762 | 0.2542 |
| KT | 0.0026 | 0.0292 | 0.1776 | 0.1592 | 0.1549 | 0.2028 | 0.1517 | 1.0000 | 0.3857 | 0.1836 | 0.0187 |
| LG유플러스 | 0.0724 | 0.0562 | 0.2347 | 0.0875 | 0.1727 | 0.1533 | 0.1485 | 0.3857 | 1.0000 | 0.2146 | 0.1279 |
| 강원랜드 | 0.1520 | 0.2312 | 0.2215 | 0.2660 | 0.2977 | 0.1376 | 0.1762 | 0.1836 | 0.2146 | 1.0000 | 0.2975 |
| LG디스플레이 | 0.1805 | 0.1275 | 0.1480 | 0.2496 | 0.1606 | 0.1377 | 0.2542 | 0.0187 | 0.1279 | 0.2975 | 1.0000 |

## 포트폴리오 VaR (10-day, 99%) — 2025-10-23

- Total portfolio value (used): 11,228,180 KRW
- z-score: 2.33
- Portfolio σ (money, 10d): 384,541 KRW
- **Portfolio VaR (10d, 99%)**: **895,981 KRW**
- VaR / Portfolio value: **7.98%** → ✅ 15% 이하

## Top 10 Component VaR

| Rank | Name | Position (KRW) | σ10d | cVaR (KRW) | cVaR/Port | cVaR/Pos | Note |
|---:|---|---:|---:|---:|---:|---:|---|
| 1 | 영원무역홀딩스 | 2,233,600 | 0.0565 | 201,719 | 22.51% | 9.03% |  |
| 2 | 삼성물산 | 1,236,000 | 0.0816 | 144,991 | 16.18% | 11.73% |  |
| 3 | LG디스플레이 | 1,188,600 | 0.0842 | 122,466 | 13.67% | 10.30% |  |
| 4 | 현대지에프홀딩스 | 717,300 | 0.0909 | 100,754 | 11.25% | 14.05% |  |
| 5 | 세아베스틸지주 | 849,600 | 0.0958 | 90,481 | 10.10% | 10.65% |  |
| 6 | 동아쏘시오홀딩스 | 1,095,000 | 0.0545 | 61,956 | 6.91% | 5.66% |  |
| 7 | 오리온홀딩스 | 697,320 | 0.0486 | 46,781 | 5.22% | 6.71% |  |
| 8 | LG유플러스 | 934,960 | 0.0524 | 42,905 | 4.79% | 4.59% |  |
| 9 | 강원랜드 | 1,025,400 | 0.0339 | 37,013 | 4.13% | 3.61% |  |
| 10 | 아모레퍼시픽홀딩스 | 453,600 | 0.0463 | 26,538 | 2.96% | 5.85% |  |

- Σ cVaR (all names) = 895,981 KRW
