# 포트폴리오 보고서 (기준일: 2025-10-13)

## 요약
- 포트폴리오 **누적 수익률**: **1.17%**  (V₀=11,045,878, Vₜ=11,176,000)
- 포트폴리오 **일일 수익률**: **-0.27%**  (공통 거래일: 2025-10-10 → 2025-10-13)
- KOSPI **일일 수익률**: **-0.72%**  (비교 기준일: 2025-10-13)
- **초과수익률(일일)**: **0.46%**

## 개별 종목 현황 (오늘 기준)

| name | code | shares | buy_price | last_date | close_last | r_i_cum | r_i_daily |
|---|---:|---:|---:|---|---:|---:|---:|
| KT | 030200 | 16 | 52,901 | 2025-10-13 | 49,850 | -5.94% | 0.00% |
| LG디스플레이 | 034220 | 84 | 11,940 | 2025-10-13 | 15,190 | 24.07% | -2.79% |
| LG유플러스 | 032640 | 62 | 14,955 | 2025-10-13 | 14,930 | -0.17% | -1.59% |
| 강원랜드 | 035250 | 60 | 18,291 | 2025-10-13 | 17,560 | -4.08% | -1.36% |
| 동아쏘시오홀딩스 | 000640 | 10 | 109,982 | 2025-10-13 | 109,200 | -0.71% | -0.91% |
| 삼성물산 | 028260 | 6 | 173,255 | 2025-10-13 | 201,500 | 15.10% | -0.50% |
| 세아베스틸지주 | 001430 | 32 | 27,976 | 2025-10-13 | 25,000 | -11.25% | 6.19% |
| 아모레퍼시픽홀딩스 | 002790 | 18 | 27,825 | 2025-10-13 | 26,250 | -5.83% | 1.15% |
| 영원무역홀딩스 | 009970 | 16 | 133,954 | 2025-10-13 | 134,600 | 0.48% | 0.90% |
| 오리온홀딩스 | 001800 | 36 | 21,026 | 2025-10-13 | 19,480 | -7.64% | -1.17% |
| 현대지에프홀딩스 | 005440 | 90 | 8,180 | 2025-10-13 | 7,720 | -5.79% | -1.80% |

## Beta (1Y, 일간 로그수익률)
- 기준일: **2025-10-13**, 윈도우: **2024-10-13 ~ 2025-10-13**

### 포트폴리오 Beta
- 관측치 수: **241**  (공통 거래일 기준)
- 기간: **2024-10-15 ~ 2025-10-13**
- **Beta (직접법)**: **0.6093**

### 개별 종목 Beta
| name | code | n | period | beta |
|---|---:|---:|---|---:|
| KT | 030200 | 242 | 2024-10-14 ~ 2025-10-13 | 0.2174 |
| LG디스플레이 | 034220 | 242 | 2024-10-14 ~ 2025-10-13 | 1.2874 |
| LG유플러스 | 032640 | 242 | 2024-10-14 ~ 2025-10-13 | 0.2204 |
| 강원랜드 | 035250 | 242 | 2024-10-14 ~ 2025-10-13 | 0.4099 |
| 동아쏘시오홀딩스 | 000640 | 242 | 2024-10-14 ~ 2025-10-13 | 0.2305 |
| 삼성물산 | 028260 | 242 | 2024-10-14 ~ 2025-10-13 | 1.0708 |
| 세아베스틸지주 | 001430 | 242 | 2024-10-14 ~ 2025-10-13 | 0.6058 |
| 아모레퍼시픽홀딩스 | 002790 | 242 | 2024-10-14 ~ 2025-10-13 | 0.8857 |
| 영원무역홀딩스 | 009970 | 242 | 2024-10-14 ~ 2025-10-13 | 0.5823 |
| 오리온홀딩스 | 001800 | 242 | 2024-10-14 ~ 2025-10-13 | 0.6342 |
| 현대지에프홀딩스 | 005440 | 242 | 2024-10-14 ~ 2025-10-13 | 0.8050 |

## EWMA Vol (1Y, λ=0.94, Daily)
- 기준일: **2025-10-13**, 윈도우: **2024-10-13 ~ 2025-10-13**
- 결과는 **일간 표준편차(σ)**이며 **연간화하지 않음**

| name | code | n | period | ewma_sigma_daily |
|---|---:|---:|---|---:|
| KT | 030200 | 242 | 2024-10-14 ~ 2025-10-13 | 0.013089 |
| LG디스플레이 | 034220 | 242 | 2024-10-14 ~ 2025-10-13 | 0.035734 |
| LG유플러스 | 032640 | 242 | 2024-10-14 ~ 2025-10-13 | 0.015733 |
| 강원랜드 | 035250 | 242 | 2024-10-14 ~ 2025-10-13 | 0.010636 |
| 동아쏘시오홀딩스 | 000640 | 242 | 2024-10-14 ~ 2025-10-13 | 0.018150 |
| 삼성물산 | 028260 | 242 | 2024-10-14 ~ 2025-10-13 | 0.022072 |
| 세아베스틸지주 | 001430 | 242 | 2024-10-14 ~ 2025-10-13 | 0.028446 |
| 아모레퍼시픽홀딩스 | 002790 | 242 | 2024-10-14 ~ 2025-10-13 | 0.015178 |
| 영원무역홀딩스 | 009970 | 242 | 2024-10-14 ~ 2025-10-13 | 0.021371 |
| 오리온홀딩스 | 001800 | 242 | 2024-10-14 ~ 2025-10-13 | 0.014238 |
| 현대지에프홀딩스 | 005440 | 242 | 2024-10-14 ~ 2025-10-13 | 0.026152 |
## 종목 간 상관관계 (1년)

- 기준일: 2025-10-13  | 기간: 2024-10-13 ~ 2025-10-13


| name | 동아쏘시오홀딩스 | 세아베스틸지주 | 오리온홀딩스 | 아모레퍼시픽홀딩스 | 현대지에프홀딩스 | 영원무역홀딩스 | 삼성물산 | KT | LG유플러스 | 강원랜드 | LG디스플레이 |
|---|---:|---:|---:|---:|---:|---:|---:|---:|---:|---:|---:|
| 동아쏘시오홀딩스 | 1.0000 | 0.1139 | 0.2785 | 0.1966 | 0.3198 | 0.2119 | 0.0994 | -0.0162 | 0.0538 | 0.1658 | 0.1527 |
| 세아베스틸지주 | 0.1139 | 1.0000 | 0.1737 | 0.2418 | 0.2348 | 0.2383 | 0.0781 | 0.0396 | 0.0554 | 0.2259 | 0.1248 |
| 오리온홀딩스 | 0.2785 | 0.1737 | 1.0000 | 0.3499 | 0.4907 | 0.3903 | 0.3062 | 0.1715 | 0.2285 | 0.2141 | 0.1416 |
| 아모레퍼시픽홀딩스 | 0.1966 | 0.2418 | 0.3499 | 1.0000 | 0.3171 | 0.2547 | 0.4390 | 0.1325 | 0.0715 | 0.2567 | 0.2394 |
| 현대지에프홀딩스 | 0.3198 | 0.2348 | 0.4907 | 0.3171 | 1.0000 | 0.3844 | 0.3883 | 0.1437 | 0.1514 | 0.3008 | 0.1671 |
| 영원무역홀딩스 | 0.2119 | 0.2383 | 0.3903 | 0.2547 | 0.3844 | 1.0000 | 0.2771 | 0.1937 | 0.1518 | 0.1412 | 0.1293 |
| 삼성물산 | 0.0994 | 0.0781 | 0.3062 | 0.4390 | 0.3883 | 0.2771 | 1.0000 | 0.1219 | 0.1153 | 0.1657 | 0.2379 |
| KT | -0.0162 | 0.0396 | 0.1715 | 0.1325 | 0.1437 | 0.1937 | 0.1219 | 1.0000 | 0.3853 | 0.1602 | -0.0123 |
| LG유플러스 | 0.0538 | 0.0554 | 0.2285 | 0.0715 | 0.1514 | 0.1518 | 0.1153 | 0.3853 | 1.0000 | 0.1961 | 0.0984 |
| 강원랜드 | 0.1658 | 0.2259 | 0.2141 | 0.2567 | 0.3008 | 0.1412 | 0.1657 | 0.1602 | 0.1961 | 1.0000 | 0.2913 |
| LG디스플레이 | 0.1527 | 0.1248 | 0.1416 | 0.2394 | 0.1671 | 0.1293 | 0.2379 | -0.0123 | 0.0984 | 0.2913 | 1.0000 |

## 포트폴리오 VaR (10-day, 99%) — 2025-10-13

- Total portfolio value (used): 11,176,000 KRW
- z-score: 2.33
- Portfolio σ (money, 10d): 386,333 KRW
- **Portfolio VaR (10d, 99%)**: **900,157 KRW**
- VaR / Portfolio value: **8.05%** → ✅ 15% 이하

## Top 10 Component VaR

| Rank | Name | Position (KRW) | σ10d | cVaR (KRW) | cVaR/Port | cVaR/Pos | Note |
|---:|---|---:|---:|---:|---:|---:|---|
| 1 | 영원무역홀딩스 | 2,153,600 | 0.0635 | 221,572 | 24.61% | 10.29% |  |
| 2 | LG디스플레이 | 1,275,960 | 0.0921 | 149,228 | 16.58% | 11.70% |  |
| 3 | 삼성물산 | 1,209,000 | 0.0707 | 114,832 | 12.76% | 9.50% |  |
| 4 | 현대지에프홀딩스 | 694,800 | 0.0880 | 92,692 | 10.30% | 13.34% |  |
| 5 | 세아베스틸지주 | 800,000 | 0.1005 | 86,912 | 9.66% | 10.86% |  |
| 6 | 동아쏘시오홀딩스 | 1,092,000 | 0.0567 | 62,634 | 6.96% | 5.74% |  |
| 7 | 오리온홀딩스 | 701,280 | 0.0459 | 43,082 | 4.79% | 6.14% |  |
| 8 | LG유플러스 | 925,660 | 0.0545 | 41,829 | 4.65% | 4.52% |  |
| 9 | 강원랜드 | 1,053,600 | 0.0351 | 39,964 | 4.44% | 3.79% |  |
| 10 | 아모레퍼시픽홀딩스 | 472,500 | 0.0479 | 27,617 | 3.07% | 5.84% |  |

- Σ cVaR (all names) = 900,157 KRW
