# 포트폴리오 보고서 (기준일: 2025-09-25)

## 요약
- 포트폴리오 **누적 수익률**: **2.33%**  (V₀=11,045,878, Vₜ=11,305,880)
- 포트폴리오 **일일 수익률**: **-0.11%**  (공통 거래일: 2025-09-24 → 2025-09-25)
- KOSPI **일일 수익률**: **-0.03%**  (비교 기준일: 2025-09-25)
- **초과수익률(일일)**: **-0.08%**

## 개별 종목 현황 (오늘 기준)

| name | code | shares | buy_price | last_date | close_last | r_i_cum | r_i_daily |
|---|---:|---:|---:|---|---:|---:|---:|
| KT | 030200 | 16 | 52,901 | 2025-09-25 | 51,200 | -3.27% | 0.78% |
| LG디스플레이 | 034220 | 84 | 11,940 | 2025-09-25 | 14,300 | 18.04% | 4.65% |
| LG유플러스 | 032640 | 62 | 14,955 | 2025-09-25 | 14,940 | -0.10% | -0.33% |
| 강원랜드 | 035250 | 60 | 18,291 | 2025-09-25 | 18,120 | -0.94% | 0.78% |
| 동아쏘시오홀딩스 | 000640 | 10 | 109,982 | 2025-09-25 | 115,900 | 5.24% | 1.22% |
| 삼성물산 | 028260 | 6 | 173,255 | 2025-09-25 | 190,300 | 9.38% | -1.77% |
| 세아베스틸지주 | 001430 | 32 | 27,976 | 2025-09-25 | 25,300 | -10.05% | -1.57% |
| 아모레퍼시픽홀딩스 | 002790 | 18 | 27,825 | 2025-09-25 | 26,200 | -6.02% | -1.70% |
| 영원무역홀딩스 | 009970 | 16 | 133,954 | 2025-09-25 | 139,500 | 4.06% | -1.35% |
| 오리온홀딩스 | 001800 | 36 | 21,026 | 2025-09-25 | 20,650 | -1.80% | -0.48% |
| 현대지에프홀딩스 | 005440 | 90 | 8,180 | 2025-09-25 | 7,940 | -2.98% | -2.36% |

## Beta (1Y, 일간 로그수익률)
- 기준일: **2025-09-25**, 윈도우: **2024-09-25 ~ 2025-09-25**

### 포트폴리오 Beta
- 관측치 수: **244**  (공통 거래일 기준)
- 기간: **2024-09-26 ~ 2025-09-25**
- **Beta (직접법)**: **0.6349**

### 개별 종목 Beta
| name | code | n | period | beta |
|---|---:|---:|---|---:|
| KT | 030200 | 245 | 2024-09-25 ~ 2025-09-25 | 0.2714 |
| LG디스플레이 | 034220 | 245 | 2024-09-25 ~ 2025-09-25 | 1.3164 |
| LG유플러스 | 032640 | 245 | 2024-09-25 ~ 2025-09-25 | 0.2468 |
| 강원랜드 | 035250 | 245 | 2024-09-25 ~ 2025-09-25 | 0.4123 |
| 동아쏘시오홀딩스 | 000640 | 245 | 2024-09-25 ~ 2025-09-25 | 0.2864 |
| 삼성물산 | 028260 | 245 | 2024-09-25 ~ 2025-09-25 | 1.0710 |
| 세아베스틸지주 | 001430 | 245 | 2024-09-25 ~ 2025-09-25 | 0.6937 |
| 아모레퍼시픽홀딩스 | 002790 | 245 | 2024-09-25 ~ 2025-09-25 | 0.8936 |
| 영원무역홀딩스 | 009970 | 245 | 2024-09-25 ~ 2025-09-25 | 0.6157 |
| 오리온홀딩스 | 001800 | 245 | 2024-09-25 ~ 2025-09-25 | 0.6628 |
| 현대지에프홀딩스 | 005440 | 245 | 2024-09-25 ~ 2025-09-25 | 0.8432 |

## EWMA Vol (1Y, λ=0.94, Daily)
- 기준일: **2025-09-25**, 윈도우: **2024-09-25 ~ 2025-09-25**
- 결과는 **일간 표준편차(σ)**이며 **연간화하지 않음**

| name | code | n | period | ewma_sigma_daily |
|---|---:|---:|---|---:|
| KT | 030200 | 245 | 2024-09-25 ~ 2025-09-25 | 0.013299 |
| LG디스플레이 | 034220 | 245 | 2024-09-25 ~ 2025-09-25 | 0.036281 |
| LG유플러스 | 032640 | 245 | 2024-09-25 ~ 2025-09-25 | 0.017432 |
| 강원랜드 | 035250 | 245 | 2024-09-25 ~ 2025-09-25 | 0.009343 |
| 동아쏘시오홀딩스 | 000640 | 245 | 2024-09-25 ~ 2025-09-25 | 0.020596 |
| 삼성물산 | 028260 | 245 | 2024-09-25 ~ 2025-09-25 | 0.021059 |
| 세아베스틸지주 | 001430 | 245 | 2024-09-25 ~ 2025-09-25 | 0.017215 |
| 아모레퍼시픽홀딩스 | 002790 | 245 | 2024-09-25 ~ 2025-09-25 | 0.015695 |
| 영원무역홀딩스 | 009970 | 245 | 2024-09-25 ~ 2025-09-25 | 0.024246 |
| 오리온홀딩스 | 001800 | 245 | 2024-09-25 ~ 2025-09-25 | 0.015232 |
| 현대지에프홀딩스 | 005440 | 245 | 2024-09-25 ~ 2025-09-25 | 0.031096 |
## 종목 간 상관관계 (1년)

- 기준일: 2025-09-25  | 기간: 2024-09-25 ~ 2025-09-25


| name | 동아쏘시오홀딩스 | 세아베스틸지주 | 오리온홀딩스 | 아모레퍼시픽홀딩스 | 현대지에프홀딩스 | 영원무역홀딩스 | 삼성물산 | KT | LG유플러스 | 강원랜드 | LG디스플레이 |
|---|---:|---:|---:|---:|---:|---:|---:|---:|---:|---:|---:|
| 동아쏘시오홀딩스 | 1.0000 | 0.1079 | 0.2741 | 0.1923 | 0.3222 | 0.2073 | 0.1436 | -0.0023 | 0.0545 | 0.1657 | 0.1910 |
| 세아베스틸지주 | 0.1079 | 1.0000 | 0.1786 | 0.2289 | 0.2443 | 0.2182 | 0.1052 | 0.0252 | 0.0763 | 0.2349 | 0.1803 |
| 오리온홀딩스 | 0.2741 | 0.1786 | 1.0000 | 0.3467 | 0.4788 | 0.3675 | 0.3155 | 0.1677 | 0.2344 | 0.2058 | 0.1617 |
| 아모레퍼시픽홀딩스 | 0.1923 | 0.2289 | 0.3467 | 1.0000 | 0.2864 | 0.2389 | 0.4226 | 0.1172 | 0.0731 | 0.2545 | 0.2606 |
| 현대지에프홀딩스 | 0.3222 | 0.2443 | 0.4788 | 0.2864 | 1.0000 | 0.3860 | 0.4199 | 0.1614 | 0.1592 | 0.3000 | 0.1649 |
| 영원무역홀딩스 | 0.2073 | 0.2182 | 0.3675 | 0.2389 | 0.3860 | 1.0000 | 0.3019 | 0.1978 | 0.1639 | 0.1357 | 0.1605 |
| 삼성물산 | 0.1436 | 0.1052 | 0.3155 | 0.4226 | 0.4199 | 0.3019 | 1.0000 | 0.1498 | 0.1378 | 0.1890 | 0.2450 |
| KT | -0.0023 | 0.0252 | 0.1677 | 0.1172 | 0.1614 | 0.1978 | 0.1498 | 1.0000 | 0.4067 | 0.1550 | 0.0388 |
| LG유플러스 | 0.0545 | 0.0763 | 0.2344 | 0.0731 | 0.1592 | 0.1639 | 0.1378 | 0.4067 | 1.0000 | 0.1933 | 0.1060 |
| 강원랜드 | 0.1657 | 0.2349 | 0.2058 | 0.2545 | 0.3000 | 0.1357 | 0.1890 | 0.1550 | 0.1933 | 1.0000 | 0.2945 |
| LG디스플레이 | 0.1910 | 0.1803 | 0.1617 | 0.2606 | 0.1649 | 0.1605 | 0.2450 | 0.0388 | 0.1060 | 0.2945 | 1.0000 |

## 포트폴리오 VaR (10-day, 99%) — 2025-09-25

- Total portfolio value (used): 11,305,880 KRW
- z-score: 2.33
- Portfolio σ (money, 10d): 403,895 KRW
- **Portfolio VaR (10d, 99%)**: **941,075 KRW**
- VaR / Portfolio value: **8.32%** → ✅ 15% 이하

## Top 10 Component VaR

| Rank | Name | Position (KRW) | σ10d | cVaR (KRW) | cVaR/Port | cVaR/Pos | Note |
|---:|---|---:|---:|---:|---:|---:|---|
| 1 | 영원무역홀딩스 | 2,232,000 | 0.0698 | 262,196 | 27.86% | 11.75% |  |
| 2 | LG디스플레이 | 1,201,200 | 0.0919 | 139,606 | 14.83% | 11.62% |  |
| 3 | 현대지에프홀딩스 | 714,600 | 0.1071 | 119,877 | 12.74% | 16.78% |  |
| 4 | 삼성물산 | 1,141,800 | 0.0683 | 108,077 | 11.48% | 9.47% |  |
| 5 | 동아쏘시오홀딩스 | 1,159,000 | 0.0636 | 81,419 | 8.65% | 7.02% |  |
| 6 | LG유플러스 | 926,280 | 0.0607 | 49,690 | 5.28% | 5.36% |  |
| 7 | 오리온홀딩스 | 743,400 | 0.0478 | 48,127 | 5.11% | 6.47% |  |
| 8 | 세아베스틸지주 | 809,600 | 0.0613 | 46,797 | 4.97% | 5.78% |  |
| 9 | 강원랜드 | 1,087,200 | 0.0311 | 34,747 | 3.69% | 3.20% |  |
| 10 | 아모레퍼시픽홀딩스 | 471,600 | 0.0518 | 28,108 | 2.99% | 5.96% |  |

- Σ cVaR (all names) = 941,075 KRW
