# 포트폴리오 보고서 (기준일: 2026-01-27)

## 요약
- 포트폴리오 **누적 수익률**: **25.09%**  (V₀=11,045,878, Vₜ=14,196,500)
- 포트폴리오 **일일 수익률**: **0.70%**  (공통 거래일: 2026-01-26 → 2026-01-27)
- KOSPI **일일 수익률**: **1.23%**  (비교 기준일: 2025-09-16)
- **초과수익률(일일)**: **-0.53%**

## 개별 종목 현황 (오늘 기준)

| name | code | shares | buy_price | last_date | close_last | r_i_cum | r_i_daily |
|---|---:|---:|---:|---|---:|---:|---:|
| KT | 030200 | 16 | 52,901 | 2026-01-27 | 56,000 | 5.69% | 2.90% |
| LG디스플레이 | 034220 | 84 | 11,940 | 2026-01-27 | 12,290 | 2.89% | -1.21% |
| LG유플러스 | 032640 | 62 | 14,955 | 2026-01-27 | 16,320 | 8.73% | 7.18% |
| 강원랜드 | 035250 | 60 | 18,291 | 2026-01-27 | 17,550 | -4.14% | 0.00% |
| 동아쏘시오홀딩스 | 000640 | 10 | 109,982 | 2026-01-27 | 109,800 | -0.17% | 1.84% |
| 삼성물산 | 028260 | 6 | 173,255 | 2026-01-27 | 298,000 | 54.23% | 0.17% |
| 세아베스틸지주 | 001430 | 32 | 27,976 | 2026-01-27 | 68,100 | 88.96% | -1.46% |
| 아모레퍼시픽홀딩스 | 002790 | 18 | 27,825 | 2026-01-27 | 28,850 | 3.62% | 0.70% |
| 영원무역홀딩스 | 009970 | 16 | 133,954 | 2026-01-27 | 191,700 | 35.84% | 0.42% |
| 오리온홀딩스 | 001800 | 36 | 21,026 | 2026-01-27 | 20,600 | -2.05% | 0.24% |
| 현대지에프홀딩스 | 005440 | 90 | 8,180 | 2026-01-27 | 9,000 | 9.55% | 0.89% |

## Beta (1Y, 일간 로그수익률)
- 기준일: **2026-01-27**, 윈도우: **2025-01-27 ~ 2026-01-27**

### 포트폴리오 Beta
- 관측치 수: **155**  (공통 거래일 기준)
- 기간: **2025-02-03 ~ 2025-09-16**
- **Beta (직접법)**: **0.6691**

### 개별 종목 Beta
| name | code | n | period | beta |
|---|---:|---:|---|---:|
| KT | 030200 | 156 | 2025-01-31 ~ 2025-09-16 | 0.2835 |
| LG디스플레이 | 034220 | 156 | 2025-01-31 ~ 2025-09-16 | 1.2868 |
| LG유플러스 | 032640 | 156 | 2025-01-31 ~ 2025-09-16 | 0.2128 |
| 강원랜드 | 035250 | 156 | 2025-01-31 ~ 2025-09-16 | 0.3891 |
| 동아쏘시오홀딩스 | 000640 | 156 | 2025-01-31 ~ 2025-09-16 | 0.2775 |
| 삼성물산 | 028260 | 156 | 2025-01-31 ~ 2025-09-16 | 0.9759 |
| 세아베스틸지주 | 001430 | 156 | 2025-01-31 ~ 2025-09-16 | 0.6900 |
| 아모레퍼시픽홀딩스 | 002790 | 156 | 2025-01-31 ~ 2025-09-16 | 0.8359 |
| 영원무역홀딩스 | 009970 | 156 | 2025-01-31 ~ 2025-09-16 | 0.8178 |
| 오리온홀딩스 | 001800 | 156 | 2025-01-31 ~ 2025-09-16 | 0.7879 |
| 현대지에프홀딩스 | 005440 | 156 | 2025-01-31 ~ 2025-09-16 | 0.8781 |

## EWMA Vol (1Y, λ=0.94, Daily)
- 기준일: **2026-01-27**, 윈도우: **2025-01-27 ~ 2026-01-27**
- 결과는 **일간 표준편차(σ)**이며 **연간화하지 않음**

| name | code | n | period | ewma_sigma_daily |
|---|---:|---:|---|---:|
| KT | 030200 | 243 | 2025-01-31 ~ 2026-01-27 | 0.014959 |
| LG디스플레이 | 034220 | 243 | 2025-01-31 ~ 2026-01-27 | 0.019427 |
| LG유플러스 | 032640 | 243 | 2025-01-31 ~ 2026-01-27 | 0.022412 |
| 강원랜드 | 035250 | 243 | 2025-01-31 ~ 2026-01-27 | 0.010301 |
| 동아쏘시오홀딩스 | 000640 | 243 | 2025-01-31 ~ 2026-01-27 | 0.015089 |
| 삼성물산 | 028260 | 243 | 2025-01-31 ~ 2026-01-27 | 0.021404 |
| 세아베스틸지주 | 001430 | 243 | 2025-01-31 ~ 2026-01-27 | 0.059745 |
| 아모레퍼시픽홀딩스 | 002790 | 243 | 2025-01-31 ~ 2026-01-27 | 0.027764 |
| 영원무역홀딩스 | 009970 | 243 | 2025-01-31 ~ 2026-01-27 | 0.025586 |
| 오리온홀딩스 | 001800 | 243 | 2025-01-31 ~ 2026-01-27 | 0.016393 |
| 현대지에프홀딩스 | 005440 | 243 | 2025-01-31 ~ 2026-01-27 | 0.023507 |
## 종목 간 상관관계 (1년)

- 기준일: 2026-01-27  | 기간: 2025-01-27 ~ 2026-01-27


| name | 동아쏘시오홀딩스 | 세아베스틸지주 | 오리온홀딩스 | 아모레퍼시픽홀딩스 | 현대지에프홀딩스 | 영원무역홀딩스 | 삼성물산 | KT | LG유플러스 | 강원랜드 | LG디스플레이 |
|---|---:|---:|---:|---:|---:|---:|---:|---:|---:|---:|---:|
| 동아쏘시오홀딩스 | 1.0000 | 0.0653 | 0.3406 | 0.2003 | 0.3648 | 0.2194 | 0.1696 | 0.0938 | 0.1418 | 0.1763 | 0.2096 |
| 세아베스틸지주 | 0.0653 | 1.0000 | 0.1327 | 0.1894 | 0.1174 | 0.0891 | 0.0662 | 0.0124 | 0.0311 | 0.1066 | 0.0256 |
| 오리온홀딩스 | 0.3406 | 0.1327 | 1.0000 | 0.3655 | 0.5741 | 0.3611 | 0.3105 | 0.2124 | 0.2425 | 0.2298 | 0.1406 |
| 아모레퍼시픽홀딩스 | 0.2003 | 0.1894 | 0.3655 | 1.0000 | 0.3183 | 0.1702 | 0.3183 | 0.1604 | 0.1239 | 0.2147 | 0.1501 |
| 현대지에프홀딩스 | 0.3648 | 0.1174 | 0.5741 | 0.3183 | 1.0000 | 0.4213 | 0.3824 | 0.2254 | 0.2002 | 0.3101 | 0.1660 |
| 영원무역홀딩스 | 0.2194 | 0.0891 | 0.3611 | 0.1702 | 0.4213 | 1.0000 | 0.2725 | 0.2324 | 0.1816 | 0.1775 | 0.1288 |
| 삼성물산 | 0.1696 | 0.0662 | 0.3105 | 0.3183 | 0.3824 | 0.2725 | 1.0000 | 0.2150 | 0.1092 | 0.1218 | 0.2451 |
| KT | 0.0938 | 0.0124 | 0.2124 | 0.1604 | 0.2254 | 0.2324 | 0.2150 | 1.0000 | 0.3187 | 0.1988 | 0.0843 |
| LG유플러스 | 0.1418 | 0.0311 | 0.2425 | 0.1239 | 0.2002 | 0.1816 | 0.1092 | 0.3187 | 1.0000 | 0.2109 | 0.1394 |
| 강원랜드 | 0.1763 | 0.1066 | 0.2298 | 0.2147 | 0.3101 | 0.1775 | 0.1218 | 0.1988 | 0.2109 | 1.0000 | 0.2330 |
| LG디스플레이 | 0.2096 | 0.0256 | 0.1406 | 0.1501 | 0.1660 | 0.1288 | 0.2451 | 0.0843 | 0.1394 | 0.2330 | 1.0000 |

## 포트폴리오 VaR (10-day, 99%) — 2026-01-27

- Total portfolio value (used): 14,196,500 KRW
- z-score: 2.33
- Portfolio σ (money, 10d): 678,798 KRW
- **Portfolio VaR (10d, 99%)**: **1,581,600 KRW**
- VaR / Portfolio value: **11.14%** → ✅ 15% 이하

## Top 10 Component VaR

| Rank | Name | Position (KRW) | σ10d | cVaR (KRW) | cVaR/Port | cVaR/Pos | Note |
|---:|---|---:|---:|---:|---:|---:|---|
| 1 | 세아베스틸지주 | 2,179,200 | 0.2178 | 868,573 | 54.92% | 39.86% |  |
| 2 | 영원무역홀딩스 | 3,067,200 | 0.0698 | 278,180 | 17.59% | 9.07% |  |
| 3 | 삼성물산 | 1,788,000 | 0.0631 | 113,452 | 7.17% | 6.35% |  |
| 4 | 현대지에프홀딩스 | 810,000 | 0.0762 | 73,525 | 4.65% | 9.08% |  |
| 5 | 아모레퍼시픽홀딩스 | 519,300 | 0.0876 | 43,873 | 2.77% | 8.45% |  |
| 6 | 동아쏘시오홀딩스 | 1,098,000 | 0.0489 | 41,461 | 2.62% | 3.78% |  |
| 7 | 오리온홀딩스 | 741,600 | 0.0506 | 41,400 | 2.62% | 5.58% |  |
| 8 | LG유플러스 | 1,011,840 | 0.0610 | 40,011 | 2.53% | 3.95% |  |
| 9 | LG디스플레이 | 1,032,360 | 0.0505 | 31,006 | 1.96% | 3.00% |  |
| 10 | 강원랜드 | 1,053,000 | 0.0359 | 28,408 | 1.80% | 2.70% |  |

- Σ cVaR (all names) = 1,581,600 KRW
