# 포트폴리오 보고서 (기준일: 2025-12-02)

## 요약
- 포트폴리오 **누적 수익률**: **9.67%**  (V₀=11,045,878, Vₜ=12,166,820)
- 포트폴리오 **일일 수익률**: **2.43%**  (공통 거래일: 2025-12-01 → 2025-12-02)
- KOSPI **일일 수익률**: **1.88%**  (비교 기준일: 2025-12-02)
- **초과수익률(일일)**: **0.55%**

## 개별 종목 현황 (오늘 기준)

| name | code | shares | buy_price | last_date | close_last | r_i_cum | r_i_daily |
|---|---:|---:|---:|---|---:|---:|---:|
| KT | 030200 | 16 | 52,901 | 2025-12-02 | 50,600 | -4.45% | 0.40% |
| LG디스플레이 | 034220 | 84 | 11,940 | 2025-12-02 | 12,510 | 4.66% | 1.45% |
| LG유플러스 | 032640 | 62 | 14,955 | 2025-12-02 | 15,160 | 1.36% | -0.53% |
| 강원랜드 | 035250 | 60 | 18,291 | 2025-12-02 | 18,150 | -0.77% | 0.50% |
| 동아쏘시오홀딩스 | 000640 | 10 | 109,982 | 2025-12-02 | 119,600 | 8.38% | 4.01% |
| 삼성물산 | 028260 | 6 | 173,255 | 2025-12-02 | 224,500 | 25.91% | -0.89% |
| 세아베스틸지주 | 001430 | 32 | 27,976 | 2025-12-02 | 27,700 | -0.99% | 0.54% |
| 아모레퍼시픽홀딩스 | 002790 | 18 | 27,825 | 2025-12-02 | 28,100 | 0.98% | -0.89% |
| 영원무역홀딩스 | 009970 | 16 | 133,954 | 2025-12-02 | 181,200 | 30.21% | 8.34% |
| 오리온홀딩스 | 001800 | 36 | 21,026 | 2025-12-02 | 19,810 | -5.96% | -0.35% |
| 현대지에프홀딩스 | 005440 | 90 | 8,180 | 2025-12-02 | 8,110 | -0.86% | 1.24% |

## Beta (1Y, 일간 로그수익률)
- 기준일: **2025-12-02**, 윈도우: **2024-12-02 ~ 2025-12-02**

### 포트폴리오 Beta
- 관측치 수: **242**  (공통 거래일 기준)
- 기간: **2024-12-03 ~ 2025-12-02**
- **Beta (직접법)**: **0.5940**

### 개별 종목 Beta
| name | code | n | period | beta |
|---|---:|---:|---|---:|
| KT | 030200 | 243 | 2024-12-02 ~ 2025-12-02 | 0.2724 |
| LG디스플레이 | 034220 | 243 | 2024-12-02 ~ 2025-12-02 | 1.1390 |
| LG유플러스 | 032640 | 243 | 2024-12-02 ~ 2025-12-02 | 0.1952 |
| 강원랜드 | 035250 | 243 | 2024-12-02 ~ 2025-12-02 | 0.3549 |
| 동아쏘시오홀딩스 | 000640 | 243 | 2024-12-02 ~ 2025-12-02 | 0.2538 |
| 삼성물산 | 028260 | 243 | 2024-12-02 ~ 2025-12-02 | 1.0519 |
| 세아베스틸지주 | 001430 | 243 | 2024-12-02 ~ 2025-12-02 | 0.6048 |
| 아모레퍼시픽홀딩스 | 002790 | 243 | 2024-12-02 ~ 2025-12-02 | 0.7032 |
| 영원무역홀딩스 | 009970 | 243 | 2024-12-02 ~ 2025-12-02 | 0.6036 |
| 오리온홀딩스 | 001800 | 243 | 2024-12-02 ~ 2025-12-02 | 0.6269 |
| 현대지에프홀딩스 | 005440 | 243 | 2024-12-02 ~ 2025-12-02 | 0.8032 |

## EWMA Vol (1Y, λ=0.94, Daily)
- 기준일: **2025-12-02**, 윈도우: **2024-12-02 ~ 2025-12-02**
- 결과는 **일간 표준편차(σ)**이며 **연간화하지 않음**

| name | code | n | period | ewma_sigma_daily |
|---|---:|---:|---|---:|
| KT | 030200 | 243 | 2024-12-02 ~ 2025-12-02 | 0.010081 |
| LG디스플레이 | 034220 | 243 | 2024-12-02 ~ 2025-12-02 | 0.025977 |
| LG유플러스 | 032640 | 243 | 2024-12-02 ~ 2025-12-02 | 0.020043 |
| 강원랜드 | 035250 | 243 | 2024-12-02 ~ 2025-12-02 | 0.011097 |
| 동아쏘시오홀딩스 | 000640 | 243 | 2024-12-02 ~ 2025-12-02 | 0.019179 |
| 삼성물산 | 028260 | 243 | 2024-12-02 ~ 2025-12-02 | 0.028623 |
| 세아베스틸지주 | 001430 | 243 | 2024-12-02 ~ 2025-12-02 | 0.024901 |
| 아모레퍼시픽홀딩스 | 002790 | 243 | 2024-12-02 ~ 2025-12-02 | 0.027064 |
| 영원무역홀딩스 | 009970 | 243 | 2024-12-02 ~ 2025-12-02 | 0.039711 |
| 오리온홀딩스 | 001800 | 243 | 2024-12-02 ~ 2025-12-02 | 0.017766 |
| 현대지에프홀딩스 | 005440 | 243 | 2024-12-02 ~ 2025-12-02 | 0.027375 |
## 종목 간 상관관계 (1년)

- 기준일: 2025-12-02  | 기간: 2024-12-02 ~ 2025-12-02


| name | 동아쏘시오홀딩스 | 세아베스틸지주 | 오리온홀딩스 | 아모레퍼시픽홀딩스 | 현대지에프홀딩스 | 영원무역홀딩스 | 삼성물산 | KT | LG유플러스 | 강원랜드 | LG디스플레이 |
|---|---:|---:|---:|---:|---:|---:|---:|---:|---:|---:|---:|
| 동아쏘시오홀딩스 | 1.0000 | 0.1955 | 0.3156 | 0.1914 | 0.3172 | 0.2484 | 0.1776 | 0.0229 | 0.1203 | 0.1762 | 0.1985 |
| 세아베스틸지주 | 0.1955 | 1.0000 | 0.2361 | 0.3006 | 0.2734 | 0.1642 | 0.1101 | 0.0969 | 0.1155 | 0.3031 | 0.1629 |
| 오리온홀딩스 | 0.3156 | 0.2361 | 1.0000 | 0.3945 | 0.5643 | 0.3552 | 0.3242 | 0.1897 | 0.2437 | 0.2648 | 0.1725 |
| 아모레퍼시픽홀딩스 | 0.1914 | 0.3006 | 0.3945 | 1.0000 | 0.3260 | 0.2064 | 0.3597 | 0.2209 | 0.1698 | 0.3063 | 0.2155 |
| 현대지에프홀딩스 | 0.3172 | 0.2734 | 0.5643 | 0.3260 | 1.0000 | 0.4287 | 0.4083 | 0.2367 | 0.2169 | 0.3406 | 0.1980 |
| 영원무역홀딩스 | 0.2484 | 0.1642 | 0.3552 | 0.2064 | 0.4287 | 1.0000 | 0.2636 | 0.2545 | 0.1873 | 0.1712 | 0.1638 |
| 삼성물산 | 0.1776 | 0.1101 | 0.3242 | 0.3597 | 0.4083 | 0.2636 | 1.0000 | 0.1844 | 0.1418 | 0.1851 | 0.2764 |
| KT | 0.0229 | 0.0969 | 0.1897 | 0.2209 | 0.2367 | 0.2545 | 0.1844 | 1.0000 | 0.3043 | 0.1792 | 0.0820 |
| LG유플러스 | 0.1203 | 0.1155 | 0.2437 | 0.1698 | 0.2169 | 0.1873 | 0.1418 | 0.3043 | 1.0000 | 0.2077 | 0.1716 |
| 강원랜드 | 0.1762 | 0.3031 | 0.2648 | 0.3063 | 0.3406 | 0.1712 | 0.1851 | 0.1792 | 0.2077 | 1.0000 | 0.3024 |
| LG디스플레이 | 0.1985 | 0.1629 | 0.1725 | 0.2155 | 0.1980 | 0.1638 | 0.2764 | 0.0820 | 0.1716 | 0.3024 | 1.0000 |

## 포트폴리오 VaR (10-day, 99%) — 2025-12-02

- Total portfolio value (used): 12,166,820 KRW
- z-score: 2.33
- Portfolio σ (money, 10d): 553,457 KRW
- **Portfolio VaR (10d, 99%)**: **1,289,555 KRW**
- VaR / Portfolio value: **10.60%** → ✅ 15% 이하

## Top 10 Component VaR

| Rank | Name | Position (KRW) | σ10d | cVaR (KRW) | cVaR/Port | cVaR/Pos | Note |
|---:|---|---:|---:|---:|---:|---:|---|
| 1 | 영원무역홀딩스 | 2,899,200 | 0.1089 | 613,047 | 47.54% | 21.15% |  |
| 2 | 삼성물산 | 1,347,000 | 0.0817 | 142,850 | 11.08% | 10.61% |  |
| 3 | 현대지에프홀딩스 | 729,900 | 0.0888 | 101,321 | 7.86% | 13.88% |  |
| 4 | 세아베스틸지주 | 886,400 | 0.0931 | 80,786 | 6.26% | 9.11% |  |
| 5 | 동아쏘시오홀딩스 | 1,196,000 | 0.0604 | 77,641 | 6.02% | 6.49% |  |
| 6 | LG디스플레이 | 1,050,840 | 0.0661 | 67,763 | 5.25% | 6.45% |  |
| 7 | 오리온홀딩스 | 713,160 | 0.0550 | 53,382 | 4.14% | 7.49% |  |
| 8 | LG유플러스 | 939,920 | 0.0580 | 47,153 | 3.66% | 5.02% |  |
| 9 | 아모레퍼시픽홀딩스 | 505,800 | 0.0838 | 47,097 | 3.65% | 9.31% |  |
| 10 | 강원랜드 | 1,089,000 | 0.0374 | 40,213 | 3.12% | 3.69% |  |

- Σ cVaR (all names) = 1,289,555 KRW
