# 포트폴리오 보고서 (기준일: 2026-02-05)

## 요약
- 포트폴리오 **누적 수익률**: **31.54%**  (V₀=11,045,878, Vₜ=15,141,260)
- 포트폴리오 **일일 수익률**: **-2.20%**  (공통 거래일: 2026-02-04 → 2026-02-05)
- KOSPI **일일 수익률**: **1.23%**  (비교 기준일: 2025-09-16)
- **초과수익률(일일)**: **-3.43%**

## 개별 종목 현황 (오늘 기준)

| name | code | shares | buy_price | last_date | close_last | r_i_cum | r_i_daily |
|---|---:|---:|---:|---|---:|---:|---:|
| KT | 030200 | 16 | 52,901 | 2026-02-05 | 56,100 | 5.87% | -1.94% |
| LG디스플레이 | 034220 | 84 | 11,940 | 2026-02-05 | 11,450 | -4.19% | -0.87% |
| LG유플러스 | 032640 | 62 | 14,955 | 2026-02-05 | 15,680 | 4.73% | -3.45% |
| 강원랜드 | 035250 | 60 | 18,291 | 2026-02-05 | 17,730 | -3.12% | 0.74% |
| 동아쏘시오홀딩스 | 000640 | 10 | 109,982 | 2026-02-05 | 108,600 | -1.26% | 0.18% |
| 삼성물산 | 028260 | 6 | 173,255 | 2026-02-05 | 306,000 | 56.88% | -3.37% |
| 세아베스틸지주 | 001430 | 32 | 27,976 | 2026-02-05 | 80,300 | 105.44% | -11.74% |
| 아모레퍼시픽홀딩스 | 002790 | 18 | 27,825 | 2026-02-05 | 31,000 | 10.81% | 2.45% |
| 영원무역홀딩스 | 009970 | 16 | 133,954 | 2026-02-05 | 217,500 | 48.47% | 2.33% |
| 오리온홀딩스 | 001800 | 36 | 21,026 | 2026-02-05 | 22,600 | 7.22% | -1.32% |
| 현대지에프홀딩스 | 005440 | 90 | 8,180 | 2026-02-05 | 10,030 | 20.39% | 1.61% |

## Beta (1Y, 일간 로그수익률)
- 기준일: **2026-02-05**, 윈도우: **2025-02-05 ~ 2026-02-05**

### 포트폴리오 Beta
- 관측치 수: **152**  (공통 거래일 기준)
- 기간: **2025-02-06 ~ 2025-09-16**
- **Beta (직접법)**: **0.6654**

### 개별 종목 Beta
| name | code | n | period | beta |
|---|---:|---:|---|---:|
| KT | 030200 | 153 | 2025-02-05 ~ 2025-09-16 | 0.2774 |
| LG디스플레이 | 034220 | 153 | 2025-02-05 ~ 2025-09-16 | 1.2916 |
| LG유플러스 | 032640 | 153 | 2025-02-05 ~ 2025-09-16 | 0.2227 |
| 강원랜드 | 035250 | 153 | 2025-02-05 ~ 2025-09-16 | 0.3750 |
| 동아쏘시오홀딩스 | 000640 | 153 | 2025-02-05 ~ 2025-09-16 | 0.2961 |
| 삼성물산 | 028260 | 153 | 2025-02-05 ~ 2025-09-16 | 1.0164 |
| 세아베스틸지주 | 001430 | 153 | 2025-02-05 ~ 2025-09-16 | 0.6541 |
| 아모레퍼시픽홀딩스 | 002790 | 153 | 2025-02-05 ~ 2025-09-16 | 0.8189 |
| 영원무역홀딩스 | 009970 | 153 | 2025-02-05 ~ 2025-09-16 | 0.8248 |
| 오리온홀딩스 | 001800 | 153 | 2025-02-05 ~ 2025-09-16 | 0.7969 |
| 현대지에프홀딩스 | 005440 | 153 | 2025-02-05 ~ 2025-09-16 | 0.8744 |

## EWMA Vol (1Y, λ=0.94, Daily)
- 기준일: **2026-02-05**, 윈도우: **2025-02-05 ~ 2026-02-05**
- 결과는 **일간 표준편차(σ)**이며 **연간화하지 않음**

| name | code | n | period | ewma_sigma_daily |
|---|---:|---:|---|---:|
| KT | 030200 | 247 | 2025-02-05 ~ 2026-02-05 | 0.016154 |
| LG디스플레이 | 034220 | 247 | 2025-02-05 ~ 2026-02-05 | 0.022537 |
| LG유플러스 | 032640 | 247 | 2025-02-05 ~ 2026-02-05 | 0.020735 |
| 강원랜드 | 035250 | 247 | 2025-02-05 ~ 2026-02-05 | 0.011729 |
| 동아쏘시오홀딩스 | 000640 | 247 | 2025-02-05 ~ 2026-02-05 | 0.014862 |
| 삼성물산 | 028260 | 247 | 2025-02-05 ~ 2026-02-05 | 0.027771 |
| 세아베스틸지주 | 001430 | 247 | 2025-02-05 ~ 2026-02-05 | 0.070729 |
| 아모레퍼시픽홀딩스 | 002790 | 247 | 2025-02-05 ~ 2026-02-05 | 0.025988 |
| 영원무역홀딩스 | 009970 | 247 | 2025-02-05 ~ 2026-02-05 | 0.025445 |
| 오리온홀딩스 | 001800 | 247 | 2025-02-05 ~ 2026-02-05 | 0.023571 |
| 현대지에프홀딩스 | 005440 | 247 | 2025-02-05 ~ 2026-02-05 | 0.026456 |
## 종목 간 상관관계 (1년)

- 기준일: 2026-02-05  | 기간: 2025-02-05 ~ 2026-02-05


| name | 동아쏘시오홀딩스 | 세아베스틸지주 | 오리온홀딩스 | 아모레퍼시픽홀딩스 | 현대지에프홀딩스 | 영원무역홀딩스 | 삼성물산 | KT | LG유플러스 | 강원랜드 | LG디스플레이 |
|---|---:|---:|---:|---:|---:|---:|---:|---:|---:|---:|---:|
| 동아쏘시오홀딩스 | 1.0000 | 0.0899 | 0.3432 | 0.2139 | 0.3749 | 0.2240 | 0.1836 | 0.1094 | 0.1483 | 0.1967 | 0.2252 |
| 세아베스틸지주 | 0.0899 | 1.0000 | 0.1804 | 0.1960 | 0.1378 | 0.0992 | 0.1276 | 0.0637 | 0.0752 | 0.1268 | 0.0425 |
| 오리온홀딩스 | 0.3432 | 0.1804 | 1.0000 | 0.3621 | 0.5628 | 0.3595 | 0.3143 | 0.2196 | 0.2485 | 0.2420 | 0.1415 |
| 아모레퍼시픽홀딩스 | 0.2139 | 0.1960 | 0.3621 | 1.0000 | 0.3310 | 0.1705 | 0.3203 | 0.1472 | 0.1187 | 0.2106 | 0.1419 |
| 현대지에프홀딩스 | 0.3749 | 0.1378 | 0.5628 | 0.3310 | 1.0000 | 0.4195 | 0.3889 | 0.2221 | 0.1995 | 0.3148 | 0.1577 |
| 영원무역홀딩스 | 0.2240 | 0.0992 | 0.3595 | 0.1705 | 0.4195 | 1.0000 | 0.2749 | 0.2361 | 0.1678 | 0.1790 | 0.1270 |
| 삼성물산 | 0.1836 | 0.1276 | 0.3143 | 0.3203 | 0.3889 | 0.2749 | 1.0000 | 0.2350 | 0.1233 | 0.1276 | 0.2577 |
| KT | 0.1094 | 0.0637 | 0.2196 | 0.1472 | 0.2221 | 0.2361 | 0.2350 | 1.0000 | 0.3260 | 0.1954 | 0.0955 |
| LG유플러스 | 0.1483 | 0.0752 | 0.2485 | 0.1187 | 0.1995 | 0.1678 | 0.1233 | 0.3260 | 1.0000 | 0.2126 | 0.1480 |
| 강원랜드 | 0.1967 | 0.1268 | 0.2420 | 0.2106 | 0.3148 | 0.1790 | 0.1276 | 0.1954 | 0.2126 | 1.0000 | 0.2340 |
| LG디스플레이 | 0.2252 | 0.0425 | 0.1415 | 0.1419 | 0.1577 | 0.1270 | 0.2577 | 0.0955 | 0.1480 | 0.2340 | 1.0000 |

## 포트폴리오 VaR (10-day, 99%) — 2026-02-05

- Total portfolio value (used): 15,141,260 KRW
- z-score: 2.33
- Portfolio σ (money, 10d): 871,660 KRW
- **Portfolio VaR (10d, 99%)**: **2,030,967 KRW**
- VaR / Portfolio value: **13.41%** → ✅ 15% 이하

## Top 10 Component VaR

| Rank | Name | Position (KRW) | σ10d | cVaR (KRW) | cVaR/Port | cVaR/Pos | Note |
|---:|---|---:|---:|---:|---:|---:|---|
| 1 | 세아베스틸지주 | 2,569,600 | 0.2445 | 1,210,322 | 59.59% | 47.10% |  |
| 2 | 영원무역홀딩스 | 3,480,000 | 0.0706 | 298,532 | 14.70% | 8.58% |  |
| 3 | 삼성물산 | 1,836,000 | 0.0801 | 158,848 | 7.82% | 8.65% |  |
| 4 | 현대지에프홀딩스 | 902,700 | 0.0870 | 91,302 | 4.50% | 10.11% |  |
| 5 | 오리온홀딩스 | 813,600 | 0.0728 | 67,455 | 3.32% | 8.29% |  |
| 6 | 아모레퍼시픽홀딩스 | 558,000 | 0.0827 | 42,641 | 2.10% | 7.64% |  |
| 7 | 동아쏘시오홀딩스 | 1,086,000 | 0.0477 | 39,254 | 1.93% | 3.61% |  |
| 8 | LG유플러스 | 972,160 | 0.0552 | 33,500 | 1.65% | 3.45% |  |
| 9 | LG디스플레이 | 961,800 | 0.0599 | 32,966 | 1.62% | 3.43% |  |
| 10 | 강원랜드 | 1,063,800 | 0.0405 | 31,817 | 1.57% | 2.99% |  |

- Σ cVaR (all names) = 2,030,967 KRW
