# 포트폴리오 보고서 (기준일: 2026-01-26)

## 요약
- 포트폴리오 **누적 수익률**: **24.39%**  (V₀=11,045,878, Vₜ=14,097,040)
- 포트폴리오 **일일 수익률**: **-2.41%**  (공통 거래일: 2026-01-23 → 2026-01-26)
- KOSPI **일일 수익률**: **1.23%**  (비교 기준일: 2025-09-16)
- **초과수익률(일일)**: **-3.64%**

## 개별 종목 현황 (오늘 기준)

| name | code | shares | buy_price | last_date | close_last | r_i_cum | r_i_daily |
|---|---:|---:|---:|---|---:|---:|---:|
| KT | 030200 | 16 | 52,901 | 2026-01-26 | 54,400 | 2.79% | 0.37% |
| LG디스플레이 | 034220 | 84 | 11,940 | 2026-01-26 | 12,440 | 4.10% | -0.72% |
| LG유플러스 | 032640 | 62 | 14,955 | 2026-01-26 | 15,190 | 1.56% | -0.98% |
| 강원랜드 | 035250 | 60 | 18,291 | 2026-01-26 | 17,550 | -4.14% | -1.08% |
| 동아쏘시오홀딩스 | 000640 | 10 | 109,982 | 2026-01-26 | 107,800 | -2.00% | 0.56% |
| 삼성물산 | 028260 | 6 | 173,255 | 2026-01-26 | 297,500 | 54.06% | -2.65% |
| 세아베스틸지주 | 001430 | 32 | 27,976 | 2026-01-26 | 69,100 | 90.42% | -8.19% |
| 아모레퍼시픽홀딩스 | 002790 | 18 | 27,825 | 2026-01-26 | 28,650 | 2.92% | -0.35% |
| 영원무역홀딩스 | 009970 | 16 | 133,954 | 2026-01-26 | 190,900 | 35.43% | -2.74% |
| 오리온홀딩스 | 001800 | 36 | 21,026 | 2026-01-26 | 20,550 | -2.29% | -2.40% |
| 현대지에프홀딩스 | 005440 | 90 | 8,180 | 2026-01-26 | 8,920 | 8.66% | 2.15% |

## Beta (1Y, 일간 로그수익률)
- 기준일: **2026-01-26**, 윈도우: **2025-01-26 ~ 2026-01-26**

### 포트폴리오 Beta
- 관측치 수: **155**  (공통 거래일 기준)
- 기간: **2025-02-03 ~ 2025-09-16**
- **Beta (직접법)**: **0.6691**

### 개별 종목 Beta
| name | code | n | period | beta |
|---|---:|---:|---|---:|
| KT | 030200 | 156 | 2025-01-31 ~ 2025-09-16 | 0.2835 |
| LG디스플레이 | 034220 | 156 | 2025-01-31 ~ 2025-09-16 | 1.2868 |
| LG유플러스 | 032640 | 156 | 2025-01-31 ~ 2025-09-16 | 0.2128 |
| 강원랜드 | 035250 | 156 | 2025-01-31 ~ 2025-09-16 | 0.3891 |
| 동아쏘시오홀딩스 | 000640 | 156 | 2025-01-31 ~ 2025-09-16 | 0.2775 |
| 삼성물산 | 028260 | 156 | 2025-01-31 ~ 2025-09-16 | 0.9759 |
| 세아베스틸지주 | 001430 | 156 | 2025-01-31 ~ 2025-09-16 | 0.6900 |
| 아모레퍼시픽홀딩스 | 002790 | 156 | 2025-01-31 ~ 2025-09-16 | 0.8359 |
| 영원무역홀딩스 | 009970 | 156 | 2025-01-31 ~ 2025-09-16 | 0.8178 |
| 오리온홀딩스 | 001800 | 156 | 2025-01-31 ~ 2025-09-16 | 0.7879 |
| 현대지에프홀딩스 | 005440 | 156 | 2025-01-31 ~ 2025-09-16 | 0.8781 |

## EWMA Vol (1Y, λ=0.94, Daily)
- 기준일: **2026-01-26**, 윈도우: **2025-01-26 ~ 2026-01-26**
- 결과는 **일간 표준편차(σ)**이며 **연간화하지 않음**

| name | code | n | period | ewma_sigma_daily |
|---|---:|---:|---|---:|
| KT | 030200 | 242 | 2025-01-31 ~ 2026-01-26 | 0.013580 |
| LG디스플레이 | 034220 | 242 | 2025-01-31 ~ 2026-01-26 | 0.019802 |
| LG유플러스 | 032640 | 242 | 2025-01-31 ~ 2026-01-26 | 0.014343 |
| 강원랜드 | 035250 | 242 | 2025-01-31 ~ 2026-01-26 | 0.010625 |
| 동아쏘시오홀딩스 | 000640 | 242 | 2025-01-31 ~ 2026-01-26 | 0.014854 |
| 삼성물산 | 028260 | 242 | 2025-01-31 ~ 2026-01-26 | 0.022072 |
| 세아베스틸지주 | 001430 | 242 | 2025-01-31 ~ 2026-01-26 | 0.061512 |
| 아모레퍼시픽홀딩스 | 002790 | 242 | 2025-01-31 ~ 2026-01-26 | 0.028583 |
| 영원무역홀딩스 | 009970 | 242 | 2025-01-31 ~ 2026-01-26 | 0.026369 |
| 오리온홀딩스 | 001800 | 242 | 2025-01-31 ~ 2026-01-26 | 0.016896 |
| 현대지에프홀딩스 | 005440 | 242 | 2025-01-31 ~ 2026-01-26 | 0.024140 |
## 종목 간 상관관계 (1년)

- 기준일: 2026-01-26  | 기간: 2025-01-26 ~ 2026-01-26


| name | 동아쏘시오홀딩스 | 세아베스틸지주 | 오리온홀딩스 | 아모레퍼시픽홀딩스 | 현대지에프홀딩스 | 영원무역홀딩스 | 삼성물산 | KT | LG유플러스 | 강원랜드 | LG디스플레이 |
|---|---:|---:|---:|---:|---:|---:|---:|---:|---:|---:|---:|
| 동아쏘시오홀딩스 | 1.0000 | 0.0677 | 0.3412 | 0.1996 | 0.3646 | 0.2197 | 0.1704 | 0.0861 | 0.1283 | 0.1768 | 0.2123 |
| 세아베스틸지주 | 0.0677 | 1.0000 | 0.1329 | 0.1902 | 0.1180 | 0.0892 | 0.0661 | 0.0167 | 0.0421 | 0.1066 | 0.0247 |
| 오리온홀딩스 | 0.3412 | 0.1329 | 1.0000 | 0.3655 | 0.5741 | 0.3611 | 0.3106 | 0.2138 | 0.2519 | 0.2298 | 0.1407 |
| 아모레퍼시픽홀딩스 | 0.1996 | 0.1902 | 0.3655 | 1.0000 | 0.3181 | 0.1702 | 0.3185 | 0.1594 | 0.1239 | 0.2148 | 0.1507 |
| 현대지에프홀딩스 | 0.3646 | 0.1180 | 0.5741 | 0.3181 | 1.0000 | 0.4214 | 0.3825 | 0.2253 | 0.2042 | 0.3101 | 0.1665 |
| 영원무역홀딩스 | 0.2197 | 0.0892 | 0.3611 | 0.1702 | 0.4214 | 1.0000 | 0.2725 | 0.2341 | 0.1889 | 0.1775 | 0.1289 |
| 삼성물산 | 0.1704 | 0.0661 | 0.3106 | 0.3185 | 0.3825 | 0.2725 | 1.0000 | 0.2175 | 0.1156 | 0.1218 | 0.2450 |
| KT | 0.0861 | 0.0167 | 0.2138 | 0.1594 | 0.2253 | 0.2341 | 0.2175 | 1.0000 | 0.2968 | 0.2006 | 0.0890 |
| LG유플러스 | 0.1283 | 0.0421 | 0.2519 | 0.1239 | 0.2042 | 0.1889 | 0.1156 | 0.2968 | 1.0000 | 0.2203 | 0.1546 |
| 강원랜드 | 0.1768 | 0.1066 | 0.2298 | 0.2148 | 0.3101 | 0.1775 | 0.1218 | 0.2006 | 0.2203 | 1.0000 | 0.2330 |
| LG디스플레이 | 0.2123 | 0.0247 | 0.1407 | 0.1507 | 0.1665 | 0.1289 | 0.2450 | 0.0890 | 0.1546 | 0.2330 | 1.0000 |

## 포트폴리오 VaR (10-day, 99%) — 2026-01-26

- Total portfolio value (used): 14,097,040 KRW
- z-score: 2.33
- Portfolio σ (money, 10d): 693,842 KRW
- **Portfolio VaR (10d, 99%)**: **1,616,653 KRW**
- VaR / Portfolio value: **11.47%** → ✅ 15% 이하

## Top 10 Component VaR

| Rank | Name | Position (KRW) | σ10d | cVaR (KRW) | cVaR/Port | cVaR/Pos | Note |
|---:|---|---:|---:|---:|---:|---:|---|
| 1 | 세아베스틸지주 | 2,211,200 | 0.2237 | 920,826 | 56.96% | 41.64% |  |
| 2 | 영원무역홀딩스 | 3,054,400 | 0.0718 | 282,079 | 17.45% | 9.24% |  |
| 3 | 삼성물산 | 1,785,000 | 0.0650 | 115,792 | 7.16% | 6.49% |  |
| 4 | 현대지에프홀딩스 | 802,800 | 0.0782 | 73,594 | 4.55% | 9.17% |  |
| 5 | 아모레퍼시픽홀딩스 | 515,700 | 0.0897 | 44,293 | 2.74% | 8.59% |  |
| 6 | 오리온홀딩스 | 739,800 | 0.0521 | 41,769 | 2.58% | 5.65% |  |
| 7 | 동아쏘시오홀딩스 | 1,078,000 | 0.0478 | 38,806 | 2.40% | 3.60% |  |
| 8 | LG디스플레이 | 1,044,960 | 0.0514 | 31,390 | 1.94% | 3.00% |  |
| 9 | 강원랜드 | 1,053,000 | 0.0370 | 28,635 | 1.77% | 2.72% |  |
| 10 | LG유플러스 | 941,780 | 0.0393 | 21,582 | 1.33% | 2.29% |  |

- Σ cVaR (all names) = 1,616,653 KRW
