# 포트폴리오 보고서 (기준일: 2025-11-14)

## 요약
- 포트폴리오 **누적 수익률**: **6.18%**  (V₀=11,045,878, Vₜ=11,749,740)
- 포트폴리오 **일일 수익률**: **-0.47%**  (공통 거래일: 2025-11-13 → 2025-11-14)
- KOSPI **일일 수익률**: **-3.89%**  (비교 기준일: 2025-11-14)
- **초과수익률(일일)**: **3.42%**

## 개별 종목 현황 (오늘 기준)

| name | code | shares | buy_price | last_date | close_last | r_i_cum | r_i_daily |
|---|---:|---:|---:|---|---:|---:|---:|
| KT | 030200 | 16 | 52,901 | 2025-11-14 | 50,100 | -5.44% | -1.19% |
| LG디스플레이 | 034220 | 84 | 11,940 | 2025-11-14 | 13,190 | 9.96% | -2.03% |
| LG유플러스 | 032640 | 62 | 14,955 | 2025-11-14 | 15,560 | 3.97% | 1.16% |
| 강원랜드 | 035250 | 60 | 18,291 | 2025-11-14 | 17,290 | -5.63% | -0.86% |
| 동아쏘시오홀딩스 | 000640 | 10 | 109,982 | 2025-11-14 | 107,500 | -2.28% | 0.00% |
| 삼성물산 | 028260 | 6 | 173,255 | 2025-11-14 | 219,500 | 23.66% | -2.47% |
| 세아베스틸지주 | 001430 | 32 | 27,976 | 2025-11-14 | 28,200 | 0.80% | -1.93% |
| 아모레퍼시픽홀딩스 | 002790 | 18 | 27,825 | 2025-11-14 | 27,400 | -1.54% | -0.73% |
| 영원무역홀딩스 | 009970 | 16 | 133,954 | 2025-11-14 | 161,500 | 18.70% | 2.44% |
| 오리온홀딩스 | 001800 | 36 | 21,026 | 2025-11-14 | 19,510 | -7.48% | -2.48% |
| 현대지에프홀딩스 | 005440 | 90 | 8,180 | 2025-11-14 | 8,490 | 3.72% | -2.10% |

## Beta (1Y, 일간 로그수익률)
- 기준일: **2025-11-14**, 윈도우: **2024-11-14 ~ 2025-11-14**

### 포트폴리오 Beta
- 관측치 수: **242**  (공통 거래일 기준)
- 기간: **2024-11-15 ~ 2025-11-14**
- **Beta (직접법)**: **0.5896**

### 개별 종목 Beta
| name | code | n | period | beta |
|---|---:|---:|---|---:|
| KT | 030200 | 243 | 2024-11-14 ~ 2025-11-14 | 0.2911 |
| LG디스플레이 | 034220 | 243 | 2024-11-14 ~ 2025-11-14 | 1.1639 |
| LG유플러스 | 032640 | 243 | 2024-11-14 ~ 2025-11-14 | 0.1806 |
| 강원랜드 | 035250 | 243 | 2024-11-14 ~ 2025-11-14 | 0.3750 |
| 동아쏘시오홀딩스 | 000640 | 243 | 2024-11-14 ~ 2025-11-14 | 0.2047 |
| 삼성물산 | 028260 | 243 | 2024-11-14 ~ 2025-11-14 | 1.0863 |
| 세아베스틸지주 | 001430 | 243 | 2024-11-14 ~ 2025-11-14 | 0.5600 |
| 아모레퍼시픽홀딩스 | 002790 | 243 | 2024-11-14 ~ 2025-11-14 | 0.7459 |
| 영원무역홀딩스 | 009970 | 243 | 2024-11-14 ~ 2025-11-14 | 0.5878 |
| 오리온홀딩스 | 001800 | 243 | 2024-11-14 ~ 2025-11-14 | 0.6585 |
| 현대지에프홀딩스 | 005440 | 243 | 2024-11-14 ~ 2025-11-14 | 0.7701 |

## EWMA Vol (1Y, λ=0.94, Daily)
- 기준일: **2025-11-14**, 윈도우: **2024-11-14 ~ 2025-11-14**
- 결과는 **일간 표준편차(σ)**이며 **연간화하지 않음**

| name | code | n | period | ewma_sigma_daily |
|---|---:|---:|---|---:|
| KT | 030200 | 243 | 2024-11-14 ~ 2025-11-14 | 0.012933 |
| LG디스플레이 | 034220 | 243 | 2024-11-14 ~ 2025-11-14 | 0.028971 |
| LG유플러스 | 032640 | 243 | 2024-11-14 ~ 2025-11-14 | 0.020063 |
| 강원랜드 | 035250 | 243 | 2024-11-14 ~ 2025-11-14 | 0.011993 |
| 동아쏘시오홀딩스 | 000640 | 243 | 2024-11-14 ~ 2025-11-14 | 0.016119 |
| 삼성물산 | 028260 | 243 | 2024-11-14 ~ 2025-11-14 | 0.030046 |
| 세아베스틸지주 | 001430 | 243 | 2024-11-14 ~ 2025-11-14 | 0.031286 |
| 아모레퍼시픽홀딩스 | 002790 | 243 | 2024-11-14 ~ 2025-11-14 | 0.022343 |
| 영원무역홀딩스 | 009970 | 243 | 2024-11-14 ~ 2025-11-14 | 0.037175 |
| 오리온홀딩스 | 001800 | 243 | 2024-11-14 ~ 2025-11-14 | 0.020961 |
| 현대지에프홀딩스 | 005440 | 243 | 2024-11-14 ~ 2025-11-14 | 0.033729 |
## 종목 간 상관관계 (1년)

- 기준일: 2025-11-14  | 기간: 2024-11-14 ~ 2025-11-14


| name | 동아쏘시오홀딩스 | 세아베스틸지주 | 오리온홀딩스 | 아모레퍼시픽홀딩스 | 현대지에프홀딩스 | 영원무역홀딩스 | 삼성물산 | KT | LG유플러스 | 강원랜드 | LG디스플레이 |
|---|---:|---:|---:|---:|---:|---:|---:|---:|---:|---:|---:|
| 동아쏘시오홀딩스 | 1.0000 | 0.1823 | 0.3131 | 0.1967 | 0.3247 | 0.2393 | 0.1596 | 0.0246 | 0.0747 | 0.1579 | 0.1842 |
| 세아베스틸지주 | 0.1823 | 1.0000 | 0.2269 | 0.3051 | 0.2559 | 0.1883 | 0.0754 | 0.0470 | 0.0816 | 0.2992 | 0.1395 |
| 오리온홀딩스 | 0.3131 | 0.2269 | 1.0000 | 0.3952 | 0.5592 | 0.3860 | 0.3353 | 0.1714 | 0.2399 | 0.2581 | 0.1700 |
| 아모레퍼시픽홀딩스 | 0.1967 | 0.3051 | 0.3952 | 1.0000 | 0.3160 | 0.2190 | 0.3901 | 0.2095 | 0.1100 | 0.3002 | 0.2149 |
| 현대지에프홀딩스 | 0.3247 | 0.2559 | 0.5592 | 0.3160 | 1.0000 | 0.4525 | 0.3836 | 0.2297 | 0.1981 | 0.3417 | 0.1849 |
| 영원무역홀딩스 | 0.2393 | 0.1883 | 0.3860 | 0.2190 | 0.4525 | 1.0000 | 0.2852 | 0.2595 | 0.1799 | 0.1687 | 0.1594 |
| 삼성물산 | 0.1596 | 0.0754 | 0.3353 | 0.3901 | 0.3836 | 0.2852 | 1.0000 | 0.1953 | 0.1514 | 0.1964 | 0.2719 |
| KT | 0.0246 | 0.0470 | 0.1714 | 0.2095 | 0.2297 | 0.2595 | 0.1953 | 1.0000 | 0.3339 | 0.1963 | 0.0523 |
| LG유플러스 | 0.0747 | 0.0816 | 0.2399 | 0.1100 | 0.1981 | 0.1799 | 0.1514 | 0.3339 | 1.0000 | 0.2157 | 0.1436 |
| 강원랜드 | 0.1579 | 0.2992 | 0.2581 | 0.3002 | 0.3417 | 0.1687 | 0.1964 | 0.1963 | 0.2157 | 1.0000 | 0.2985 |
| LG디스플레이 | 0.1842 | 0.1395 | 0.1700 | 0.2149 | 0.1849 | 0.1594 | 0.2719 | 0.0523 | 0.1436 | 0.2985 | 1.0000 |

## 포트폴리오 VaR (10-day, 99%) — 2025-11-14

- Total portfolio value (used): 11,749,740 KRW
- z-score: 2.33
- Portfolio σ (money, 10d): 538,184 KRW
- **Portfolio VaR (10d, 99%)**: **1,253,969 KRW**
- VaR / Portfolio value: **10.67%** → ✅ 15% 이하

## Top 10 Component VaR

| Rank | Name | Position (KRW) | σ10d | cVaR (KRW) | cVaR/Port | cVaR/Pos | Note |
|---:|---|---:|---:|---:|---:|---:|---|
| 1 | 영원무역홀딩스 | 2,584,000 | 0.1019 | 490,921 | 39.15% | 19.00% |  |
| 2 | 삼성물산 | 1,317,000 | 0.0880 | 157,329 | 12.55% | 11.95% |  |
| 3 | 현대지에프홀딩스 | 764,100 | 0.1095 | 136,088 | 10.85% | 17.81% |  |
| 4 | 세아베스틸지주 | 902,400 | 0.1122 | 105,974 | 8.45% | 11.74% |  |
| 5 | LG디스플레이 | 1,107,960 | 0.0723 | 80,256 | 6.40% | 7.24% |  |
| 6 | 오리온홀딩스 | 702,360 | 0.0655 | 66,009 | 5.26% | 9.40% |  |
| 7 | LG유플러스 | 964,720 | 0.0660 | 55,907 | 4.46% | 5.80% |  |
| 8 | 동아쏘시오홀딩스 | 1,075,000 | 0.0493 | 52,358 | 4.18% | 4.87% |  |
| 9 | 강원랜드 | 1,037,400 | 0.0400 | 43,493 | 3.47% | 4.19% |  |
| 10 | 아모레퍼시픽홀딩스 | 493,200 | 0.0699 | 39,781 | 3.17% | 8.07% |  |

- Σ cVaR (all names) = 1,253,969 KRW
