# 포트폴리오 보고서 (기준일: 2025-10-14)

## 요약
- 포트폴리오 **누적 수익률**: **-0.70%**  (V₀=11,045,878, Vₜ=10,968,520)
- 포트폴리오 **일일 수익률**: **-1.87%**  (공통 거래일: 2025-10-13 → 2025-10-14)
- KOSPI **일일 수익률**: **-0.64%**  (비교 기준일: 2025-10-14)
- **초과수익률(일일)**: **-1.24%**

## 개별 종목 현황 (오늘 기준)

| name | code | shares | buy_price | last_date | close_last | r_i_cum | r_i_daily |
|---|---:|---:|---:|---|---:|---:|---:|
| KT | 030200 | 16 | 52,901 | 2025-10-14 | 48,600 | -8.48% | -2.54% |
| LG디스플레이 | 034220 | 84 | 11,940 | 2025-10-14 | 14,030 | 16.13% | -7.94% |
| LG유플러스 | 032640 | 62 | 14,955 | 2025-10-14 | 14,750 | -1.38% | -1.21% |
| 강원랜드 | 035250 | 60 | 18,291 | 2025-10-14 | 17,460 | -4.65% | -0.57% |
| 동아쏘시오홀딩스 | 000640 | 10 | 109,982 | 2025-10-14 | 106,200 | -3.50% | -2.79% |
| 삼성물산 | 028260 | 6 | 173,255 | 2025-10-14 | 194,800 | 11.72% | -3.38% |
| 세아베스틸지주 | 001430 | 32 | 27,976 | 2025-10-14 | 25,200 | -10.45% | 0.80% |
| 아모레퍼시픽홀딩스 | 002790 | 18 | 27,825 | 2025-10-14 | 25,800 | -7.56% | -1.73% |
| 영원무역홀딩스 | 009970 | 16 | 133,954 | 2025-10-14 | 133,200 | -0.56% | -1.05% |
| 오리온홀딩스 | 001800 | 36 | 21,026 | 2025-10-14 | 19,450 | -7.79% | -0.15% |
| 현대지에프홀딩스 | 005440 | 90 | 8,180 | 2025-10-14 | 7,970 | -2.60% | 3.19% |

## Beta (1Y, 일간 로그수익률)
- 기준일: **2025-10-14**, 윈도우: **2024-10-14 ~ 2025-10-14**

### 포트폴리오 Beta
- 관측치 수: **242**  (공통 거래일 기준)
- 기간: **2024-10-15 ~ 2025-10-14**
- **Beta (직접법)**: **0.6125**

### 개별 종목 Beta
| name | code | n | period | beta |
|---|---:|---:|---|---:|
| KT | 030200 | 243 | 2024-10-14 ~ 2025-10-14 | 0.2226 |
| LG디스플레이 | 034220 | 243 | 2024-10-14 ~ 2025-10-14 | 1.3024 |
| LG유플러스 | 032640 | 243 | 2024-10-14 ~ 2025-10-14 | 0.2230 |
| 강원랜드 | 035250 | 243 | 2024-10-14 ~ 2025-10-14 | 0.4105 |
| 동아쏘시오홀딩스 | 000640 | 243 | 2024-10-14 ~ 2025-10-14 | 0.2359 |
| 삼성물산 | 028260 | 243 | 2024-10-14 ~ 2025-10-14 | 1.0765 |
| 세아베스틸지주 | 001430 | 243 | 2024-10-14 ~ 2025-10-14 | 0.6034 |
| 아모레퍼시픽홀딩스 | 002790 | 243 | 2024-10-14 ~ 2025-10-14 | 0.8879 |
| 영원무역홀딩스 | 009970 | 243 | 2024-10-14 ~ 2025-10-14 | 0.5839 |
| 오리온홀딩스 | 001800 | 243 | 2024-10-14 ~ 2025-10-14 | 0.6336 |
| 현대지에프홀딩스 | 005440 | 243 | 2024-10-14 ~ 2025-10-14 | 0.7974 |

## EWMA Vol (1Y, λ=0.94, Daily)
- 기준일: **2025-10-14**, 윈도우: **2024-10-14 ~ 2025-10-14**
- 결과는 **일간 표준편차(σ)**이며 **연간화하지 않음**

| name | code | n | period | ewma_sigma_daily |
|---|---:|---:|---|---:|
| KT | 030200 | 243 | 2024-10-14 ~ 2025-10-14 | 0.014133 |
| LG디스플레이 | 034220 | 243 | 2024-10-14 ~ 2025-10-14 | 0.039736 |
| LG유플러스 | 032640 | 243 | 2024-10-14 ~ 2025-10-14 | 0.015540 |
| 강원랜드 | 035250 | 243 | 2024-10-14 ~ 2025-10-14 | 0.010406 |
| 동아쏘시오홀딩스 | 000640 | 243 | 2024-10-14 ~ 2025-10-14 | 0.018873 |
| 삼성물산 | 028260 | 243 | 2024-10-14 ~ 2025-10-14 | 0.022947 |
| 세아베스틸지주 | 001430 | 243 | 2024-10-14 ~ 2025-10-14 | 0.027648 |
| 아모레퍼시픽홀딩스 | 002790 | 243 | 2024-10-14 ~ 2025-10-14 | 0.015313 |
| 영원무역홀딩스 | 009970 | 243 | 2024-10-14 ~ 2025-10-14 | 0.020877 |
| 오리온홀딩스 | 001800 | 243 | 2024-10-14 ~ 2025-10-14 | 0.013809 |
| 현대지에프홀딩스 | 005440 | 243 | 2024-10-14 ~ 2025-10-14 | 0.026530 |
## 종목 간 상관관계 (1년)

- 기준일: 2025-10-14  | 기간: 2024-10-14 ~ 2025-10-14


| name | 동아쏘시오홀딩스 | 세아베스틸지주 | 오리온홀딩스 | 아모레퍼시픽홀딩스 | 현대지에프홀딩스 | 영원무역홀딩스 | 삼성물산 | KT | LG유플러스 | 강원랜드 | LG디스플레이 |
|---|---:|---:|---:|---:|---:|---:|---:|---:|---:|---:|---:|
| 동아쏘시오홀딩스 | 1.0000 | 0.1119 | 0.2780 | 0.2005 | 0.3105 | 0.2144 | 0.1077 | -0.0066 | 0.0592 | 0.1676 | 0.1669 |
| 세아베스틸지주 | 0.1119 | 1.0000 | 0.1736 | 0.2406 | 0.2352 | 0.2375 | 0.0762 | 0.0378 | 0.0544 | 0.2253 | 0.1196 |
| 오리온홀딩스 | 0.2780 | 0.1736 | 1.0000 | 0.3498 | 0.4888 | 0.3902 | 0.3054 | 0.1714 | 0.2285 | 0.2143 | 0.1404 |
| 아모레퍼시픽홀딩스 | 0.2005 | 0.2406 | 0.3498 | 1.0000 | 0.3116 | 0.2562 | 0.4416 | 0.1372 | 0.0747 | 0.2577 | 0.2451 |
| 현대지에프홀딩스 | 0.3105 | 0.2352 | 0.4888 | 0.3116 | 1.0000 | 0.3802 | 0.3777 | 0.1350 | 0.1459 | 0.2977 | 0.1492 |
| 영원무역홀딩스 | 0.2144 | 0.2375 | 0.3902 | 0.2562 | 0.3802 | 1.0000 | 0.2793 | 0.1964 | 0.1537 | 0.1421 | 0.1341 |
| 삼성물산 | 0.1077 | 0.0762 | 0.3054 | 0.4416 | 0.3777 | 0.2793 | 1.0000 | 0.1308 | 0.1207 | 0.1676 | 0.2513 |
| KT | -0.0066 | 0.0378 | 0.1714 | 0.1372 | 0.1350 | 0.1964 | 0.1308 | 1.0000 | 0.3889 | 0.1621 | 0.0073 |
| LG유플러스 | 0.0592 | 0.0544 | 0.2285 | 0.0747 | 0.1459 | 0.1537 | 0.1207 | 0.3889 | 1.0000 | 0.1974 | 0.1084 |
| 강원랜드 | 0.1676 | 0.2253 | 0.2143 | 0.2577 | 0.2977 | 0.1421 | 0.1676 | 0.1621 | 0.1974 | 1.0000 | 0.2911 |
| LG디스플레이 | 0.1669 | 0.1196 | 0.1404 | 0.2451 | 0.1492 | 0.1341 | 0.2513 | 0.0073 | 0.1084 | 0.2911 | 1.0000 |

## 포트폴리오 VaR (10-day, 99%) — 2025-10-14

- Total portfolio value (used): 10,968,520 KRW
- z-score: 2.33
- Portfolio σ (money, 10d): 384,474 KRW
- **Portfolio VaR (10d, 99%)**: **895,825 KRW**
- VaR / Portfolio value: **8.17%** → ✅ 15% 이하

## Top 10 Component VaR

| Rank | Name | Position (KRW) | σ10d | cVaR (KRW) | cVaR/Port | cVaR/Pos | Note |
|---:|---|---:|---:|---:|---:|---:|---|
| 1 | 영원무역홀딩스 | 2,131,200 | 0.0624 | 213,955 | 23.88% | 10.04% |  |
| 2 | LG디스플레이 | 1,178,520 | 0.0994 | 150,379 | 16.79% | 12.76% |  |
| 3 | 삼성물산 | 1,168,800 | 0.0727 | 115,387 | 12.88% | 9.87% |  |
| 4 | 현대지에프홀딩스 | 717,300 | 0.0886 | 94,941 | 10.60% | 13.24% |  |
| 5 | 세아베스틸지주 | 806,400 | 0.0976 | 83,764 | 9.35% | 10.39% |  |
| 6 | 동아쏘시오홀딩스 | 1,062,000 | 0.0598 | 65,827 | 7.35% | 6.20% |  |
| 7 | 오리온홀딩스 | 700,200 | 0.0445 | 41,593 | 4.64% | 5.94% |  |
| 8 | LG유플러스 | 914,500 | 0.0541 | 41,480 | 4.63% | 4.54% |  |
| 9 | 강원랜드 | 1,047,600 | 0.0345 | 38,989 | 4.35% | 3.72% |  |
| 10 | 아모레퍼시픽홀딩스 | 464,400 | 0.0484 | 27,556 | 3.08% | 5.93% |  |

- Σ cVaR (all names) = 895,825 KRW
