# 포트폴리오 보고서 (기준일: 2025-10-20)

## 요약
- 포트폴리오 **누적 수익률**: **1.53%**  (V₀=11,045,878, Vₜ=11,216,560)
- 포트폴리오 **일일 수익률**: **0.95%**  (공통 거래일: 2025-10-17 → 2025-10-20)
- KOSPI **일일 수익률**: **1.74%**  (비교 기준일: 2025-10-20)
- **초과수익률(일일)**: **-0.79%**

## 개별 종목 현황 (오늘 기준)

| name | code | shares | buy_price | last_date | close_last | r_i_cum | r_i_daily |
|---|---:|---:|---:|---|---:|---:|---:|
| KT | 030200 | 16 | 52,901 | 2025-10-20 | 50,500 | -4.64% | 1.10% |
| LG디스플레이 | 034220 | 84 | 11,940 | 2025-10-20 | 14,530 | 19.63% | 1.11% |
| LG유플러스 | 032640 | 62 | 14,955 | 2025-10-20 | 15,150 | 1.30% | 1.60% |
| 강원랜드 | 035250 | 60 | 18,291 | 2025-10-20 | 17,600 | -3.85% | 0.06% |
| 동아쏘시오홀딩스 | 000640 | 10 | 109,982 | 2025-10-20 | 106,500 | -3.22% | 0.19% |
| 삼성물산 | 028260 | 6 | 173,255 | 2025-10-20 | 208,000 | 18.28% | -1.19% |
| 세아베스틸지주 | 001430 | 32 | 27,976 | 2025-10-20 | 25,300 | -10.05% | 0.40% |
| 아모레퍼시픽홀딩스 | 002790 | 18 | 27,825 | 2025-10-20 | 25,650 | -8.14% | 0.59% |
| 영원무역홀딩스 | 009970 | 16 | 133,954 | 2025-10-20 | 136,000 | 1.52% | 2.01% |
| 오리온홀딩스 | 001800 | 36 | 21,026 | 2025-10-20 | 19,440 | -7.84% | 1.24% |
| 현대지에프홀딩스 | 005440 | 90 | 8,180 | 2025-10-20 | 8,140 | -0.49% | 3.25% |

## Beta (1Y, 일간 로그수익률)
- 기준일: **2025-10-20**, 윈도우: **2024-10-20 ~ 2025-10-20**

### 포트폴리오 Beta
- 관측치 수: **241**  (공통 거래일 기준)
- 기간: **2024-10-22 ~ 2025-10-20**
- **Beta (직접법)**: **0.6127**

### 개별 종목 Beta
| name | code | n | period | beta |
|---|---:|---:|---|---:|
| KT | 030200 | 242 | 2024-10-21 ~ 2025-10-20 | 0.2449 |
| LG디스플레이 | 034220 | 242 | 2024-10-21 ~ 2025-10-20 | 1.2740 |
| LG유플러스 | 032640 | 242 | 2024-10-21 ~ 2025-10-20 | 0.2462 |
| 강원랜드 | 035250 | 242 | 2024-10-21 ~ 2025-10-20 | 0.4052 |
| 동아쏘시오홀딩스 | 000640 | 242 | 2024-10-21 ~ 2025-10-20 | 0.2363 |
| 삼성물산 | 028260 | 242 | 2024-10-21 ~ 2025-10-20 | 1.1023 |
| 세아베스틸지주 | 001430 | 242 | 2024-10-21 ~ 2025-10-20 | 0.5990 |
| 아모레퍼시픽홀딩스 | 002790 | 242 | 2024-10-21 ~ 2025-10-20 | 0.8766 |
| 영원무역홀딩스 | 009970 | 242 | 2024-10-21 ~ 2025-10-20 | 0.5749 |
| 오리온홀딩스 | 001800 | 242 | 2024-10-21 ~ 2025-10-20 | 0.6337 |
| 현대지에프홀딩스 | 005440 | 242 | 2024-10-21 ~ 2025-10-20 | 0.7913 |

## EWMA Vol (1Y, λ=0.94, Daily)
- 기준일: **2025-10-20**, 윈도우: **2024-10-20 ~ 2025-10-20**
- 결과는 **일간 표준편차(σ)**이며 **연간화하지 않음**

| name | code | n | period | ewma_sigma_daily |
|---|---:|---:|---|---:|
| KT | 030200 | 242 | 2024-10-21 ~ 2025-10-20 | 0.013563 |
| LG디스플레이 | 034220 | 242 | 2024-10-21 ~ 2025-10-20 | 0.035987 |
| LG유플러스 | 032640 | 242 | 2024-10-21 ~ 2025-10-20 | 0.016306 |
| 강원랜드 | 035250 | 242 | 2024-10-21 ~ 2025-10-20 | 0.009776 |
| 동아쏘시오홀딩스 | 000640 | 242 | 2024-10-21 ~ 2025-10-20 | 0.017111 |
| 삼성물산 | 028260 | 242 | 2024-10-21 ~ 2025-10-20 | 0.027768 |
| 세아베스틸지주 | 001430 | 242 | 2024-10-21 ~ 2025-10-20 | 0.025453 |
| 아모레퍼시픽홀딩스 | 002790 | 242 | 2024-10-21 ~ 2025-10-20 | 0.014924 |
| 영원무역홀딩스 | 009970 | 242 | 2024-10-21 ~ 2025-10-20 | 0.019213 |
| 오리온홀딩스 | 001800 | 242 | 2024-10-21 ~ 2025-10-20 | 0.014153 |
| 현대지에프홀딩스 | 005440 | 242 | 2024-10-21 ~ 2025-10-20 | 0.027837 |
## 종목 간 상관관계 (1년)

- 기준일: 2025-10-20  | 기간: 2024-10-20 ~ 2025-10-20


| name | 동아쏘시오홀딩스 | 세아베스틸지주 | 오리온홀딩스 | 아모레퍼시픽홀딩스 | 현대지에프홀딩스 | 영원무역홀딩스 | 삼성물산 | KT | LG유플러스 | 강원랜드 | LG디스플레이 |
|---|---:|---:|---:|---:|---:|---:|---:|---:|---:|---:|---:|
| 동아쏘시오홀딩스 | 1.0000 | 0.1295 | 0.2861 | 0.2157 | 0.3095 | 0.2140 | 0.1078 | 0.0016 | 0.0723 | 0.1565 | 0.1793 |
| 세아베스틸지주 | 0.1295 | 1.0000 | 0.1778 | 0.2466 | 0.2450 | 0.2466 | 0.0861 | 0.0239 | 0.0570 | 0.2377 | 0.1285 |
| 오리온홀딩스 | 0.2861 | 0.1778 | 1.0000 | 0.3533 | 0.5000 | 0.3904 | 0.3099 | 0.1737 | 0.2360 | 0.2194 | 0.1462 |
| 아모레퍼시픽홀딩스 | 0.2157 | 0.2466 | 0.3533 | 1.0000 | 0.3214 | 0.2562 | 0.4453 | 0.1503 | 0.0807 | 0.2650 | 0.2475 |
| 현대지에프홀딩스 | 0.3095 | 0.2450 | 0.5000 | 0.3214 | 1.0000 | 0.3865 | 0.3752 | 0.1462 | 0.1725 | 0.2975 | 0.1580 |
| 영원무역홀딩스 | 0.2140 | 0.2466 | 0.3904 | 0.2562 | 0.3865 | 1.0000 | 0.2701 | 0.2029 | 0.1584 | 0.1399 | 0.1372 |
| 삼성물산 | 0.1078 | 0.0861 | 0.3099 | 0.4453 | 0.3752 | 0.2701 | 1.0000 | 0.1482 | 0.1458 | 0.1735 | 0.2511 |
| KT | 0.0016 | 0.0239 | 0.1737 | 0.1503 | 0.1462 | 0.2029 | 0.1482 | 1.0000 | 0.3902 | 0.1754 | 0.0143 |
| LG유플러스 | 0.0723 | 0.0570 | 0.2360 | 0.0807 | 0.1725 | 0.1584 | 0.1458 | 0.3902 | 1.0000 | 0.2090 | 0.1214 |
| 강원랜드 | 0.1565 | 0.2377 | 0.2194 | 0.2650 | 0.2975 | 0.1399 | 0.1735 | 0.1754 | 0.2090 | 1.0000 | 0.2945 |
| LG디스플레이 | 0.1793 | 0.1285 | 0.1462 | 0.2475 | 0.1580 | 0.1372 | 0.2511 | 0.0143 | 0.1214 | 0.2945 | 1.0000 |

## 포트폴리오 VaR (10-day, 99%) — 2025-10-20

- Total portfolio value (used): 11,216,560 KRW
- z-score: 2.33
- Portfolio σ (money, 10d): 390,306 KRW
- **Portfolio VaR (10d, 99%)**: **909,412 KRW**
- VaR / Portfolio value: **8.11%** → ✅ 15% 이하

## Top 10 Component VaR

| Rank | Name | Position (KRW) | σ10d | cVaR (KRW) | cVaR/Port | cVaR/Pos | Note |
|---:|---|---:|---:|---:|---:|---:|---|
| 1 | 영원무역홀딩스 | 2,176,000 | 0.0574 | 196,297 | 21.59% | 9.02% |  |
| 2 | 삼성물산 | 1,248,000 | 0.0878 | 161,092 | 17.71% | 12.91% |  |
| 3 | LG디스플레이 | 1,220,520 | 0.0900 | 138,920 | 15.28% | 11.38% |  |
| 4 | 현대지에프홀딩스 | 732,600 | 0.0921 | 103,358 | 11.37% | 14.11% |  |
| 5 | 세아베스틸지주 | 809,600 | 0.0902 | 75,919 | 8.35% | 9.38% |  |
| 6 | 동아쏘시오홀딩스 | 1,065,000 | 0.0546 | 58,880 | 6.47% | 5.53% |  |
| 7 | LG유플러스 | 939,300 | 0.0558 | 46,821 | 5.15% | 4.98% |  |
| 8 | 오리온홀딩스 | 699,840 | 0.0454 | 42,975 | 4.73% | 6.14% |  |
| 9 | 강원랜드 | 1,056,000 | 0.0324 | 36,424 | 4.01% | 3.45% |  |
| 10 | 아모레퍼시픽홀딩스 | 461,700 | 0.0466 | 27,065 | 2.98% | 5.86% |  |

- Σ cVaR (all names) = 909,412 KRW
