# 포트폴리오 보고서 (기준일: 2025-12-15)

## 요약
- 포트폴리오 **누적 수익률**: **19.03%**  (V₀=11,045,878, Vₜ=13,361,240)
- 포트폴리오 **일일 수익률**: **0.37%**  (공통 거래일: 2025-12-12 → 2025-12-15)
- KOSPI **일일 수익률**: **-1.85%**  (비교 기준일: 2025-12-15)
- **초과수익률(일일)**: **2.23%**

## 개별 종목 현황 (오늘 기준)

| name | code | shares | buy_price | last_date | close_last | r_i_cum | r_i_daily |
|---|---:|---:|---:|---|---:|---:|---:|
| KT | 030200 | 16 | 52,901 | 2025-12-15 | 52,800 | -0.19% | 0.38% |
| LG디스플레이 | 034220 | 84 | 11,940 | 2025-12-15 | 12,300 | 2.97% | -1.77% |
| LG유플러스 | 032640 | 62 | 14,955 | 2025-12-15 | 15,070 | 0.77% | -0.13% |
| 강원랜드 | 035250 | 60 | 18,291 | 2025-12-15 | 17,930 | -1.99% | -0.28% |
| 동아쏘시오홀딩스 | 000640 | 10 | 109,982 | 2025-12-15 | 122,800 | 11.02% | 0.49% |
| 삼성물산 | 028260 | 6 | 173,255 | 2025-12-15 | 246,500 | 35.26% | -3.39% |
| 세아베스틸지주 | 001430 | 32 | 27,976 | 2025-12-15 | 48,950 | 55.95% | 8.97% |
| 아모레퍼시픽홀딩스 | 002790 | 18 | 27,825 | 2025-12-15 | 27,200 | -2.27% | -0.73% |
| 영원무역홀딩스 | 009970 | 16 | 133,954 | 2025-12-15 | 197,800 | 38.98% | -0.35% |
| 오리온홀딩스 | 001800 | 36 | 21,026 | 2025-12-15 | 21,250 | 1.06% | -1.17% |
| 현대지에프홀딩스 | 005440 | 90 | 8,180 | 2025-12-15 | 8,670 | 5.82% | 0.46% |

## Beta (1Y, 일간 로그수익률)
- 기준일: **2025-12-15**, 윈도우: **2024-12-15 ~ 2025-12-15**

### 포트폴리오 Beta
- 관측치 수: **241**  (공통 거래일 기준)
- 기간: **2024-12-17 ~ 2025-12-15**
- **Beta (직접법)**: **0.5615**

### 개별 종목 Beta
| name | code | n | period | beta |
|---|---:|---:|---|---:|
| KT | 030200 | 242 | 2024-12-16 ~ 2025-12-15 | 0.2622 |
| LG디스플레이 | 034220 | 242 | 2024-12-16 ~ 2025-12-15 | 1.1168 |
| LG유플러스 | 032640 | 242 | 2024-12-16 ~ 2025-12-15 | 0.1704 |
| 강원랜드 | 035250 | 242 | 2024-12-16 ~ 2025-12-15 | 0.2895 |
| 동아쏘시오홀딩스 | 000640 | 242 | 2024-12-16 ~ 2025-12-15 | 0.1845 |
| 삼성물산 | 028260 | 242 | 2024-12-16 ~ 2025-12-15 | 1.0819 |
| 세아베스틸지주 | 001430 | 242 | 2024-12-16 ~ 2025-12-15 | 0.5681 |
| 아모레퍼시픽홀딩스 | 002790 | 242 | 2024-12-16 ~ 2025-12-15 | 0.6511 |
| 영원무역홀딩스 | 009970 | 242 | 2024-12-16 ~ 2025-12-15 | 0.5789 |
| 오리온홀딩스 | 001800 | 242 | 2024-12-16 ~ 2025-12-15 | 0.6004 |
| 현대지에프홀딩스 | 005440 | 242 | 2024-12-16 ~ 2025-12-15 | 0.7510 |

## EWMA Vol (1Y, λ=0.94, Daily)
- 기준일: **2025-12-15**, 윈도우: **2024-12-15 ~ 2025-12-15**
- 결과는 **일간 표준편차(σ)**이며 **연간화하지 않음**

| name | code | n | period | ewma_sigma_daily |
|---|---:|---:|---|---:|
| KT | 030200 | 242 | 2024-12-16 ~ 2025-12-15 | 0.014840 |
| LG디스플레이 | 034220 | 242 | 2024-12-16 ~ 2025-12-15 | 0.022796 |
| LG유플러스 | 032640 | 242 | 2024-12-16 ~ 2025-12-15 | 0.015827 |
| 강원랜드 | 035250 | 242 | 2024-12-16 ~ 2025-12-15 | 0.009913 |
| 동아쏘시오홀딩스 | 000640 | 242 | 2024-12-16 ~ 2025-12-15 | 0.015236 |
| 삼성물산 | 028260 | 242 | 2024-12-16 ~ 2025-12-15 | 0.030624 |
| 세아베스틸지주 | 001430 | 242 | 2024-12-16 ~ 2025-12-15 | 0.078446 |
| 아모레퍼시픽홀딩스 | 002790 | 242 | 2024-12-16 ~ 2025-12-15 | 0.022805 |
| 영원무역홀딩스 | 009970 | 242 | 2024-12-16 ~ 2025-12-15 | 0.034890 |
| 오리온홀딩스 | 001800 | 242 | 2024-12-16 ~ 2025-12-15 | 0.018152 |
| 현대지에프홀딩스 | 005440 | 242 | 2024-12-16 ~ 2025-12-15 | 0.026624 |
## 종목 간 상관관계 (1년)

- 기준일: 2025-12-15  | 기간: 2024-12-15 ~ 2025-12-15


| name | 동아쏘시오홀딩스 | 세아베스틸지주 | 오리온홀딩스 | 아모레퍼시픽홀딩스 | 현대지에프홀딩스 | 영원무역홀딩스 | 삼성물산 | KT | LG유플러스 | 강원랜드 | LG디스플레이 |
|---|---:|---:|---:|---:|---:|---:|---:|---:|---:|---:|---:|
| 동아쏘시오홀딩스 | 1.0000 | 0.1108 | 0.2977 | 0.1534 | 0.3013 | 0.2231 | 0.1612 | 0.0075 | 0.0808 | 0.1177 | 0.1731 |
| 세아베스틸지주 | 0.1108 | 1.0000 | 0.1783 | 0.2007 | 0.1957 | 0.0713 | 0.0747 | 0.0982 | 0.0731 | 0.1862 | 0.0779 |
| 오리온홀딩스 | 0.2977 | 0.1783 | 1.0000 | 0.3802 | 0.5725 | 0.3591 | 0.3195 | 0.1886 | 0.2248 | 0.2346 | 0.1529 |
| 아모레퍼시픽홀딩스 | 0.1534 | 0.2007 | 0.3802 | 1.0000 | 0.3237 | 0.1887 | 0.3584 | 0.2191 | 0.1505 | 0.2672 | 0.1888 |
| 현대지에프홀딩스 | 0.3013 | 0.1957 | 0.5725 | 0.3237 | 1.0000 | 0.4360 | 0.3959 | 0.2051 | 0.1937 | 0.3157 | 0.1837 |
| 영원무역홀딩스 | 0.2231 | 0.0713 | 0.3591 | 0.1887 | 0.4360 | 1.0000 | 0.2617 | 0.2189 | 0.1612 | 0.1416 | 0.1484 |
| 삼성물산 | 0.1612 | 0.0747 | 0.3195 | 0.3584 | 0.3959 | 0.2617 | 1.0000 | 0.1970 | 0.1237 | 0.1542 | 0.2645 |
| KT | 0.0075 | 0.0982 | 0.1886 | 0.2191 | 0.2051 | 0.2189 | 0.1970 | 1.0000 | 0.2980 | 0.1698 | 0.0927 |
| LG유플러스 | 0.0808 | 0.0731 | 0.2248 | 0.1505 | 0.1937 | 0.1612 | 0.1237 | 0.2980 | 1.0000 | 0.1793 | 0.1545 |
| 강원랜드 | 0.1177 | 0.1862 | 0.2346 | 0.2672 | 0.3157 | 0.1416 | 0.1542 | 0.1698 | 0.1793 | 1.0000 | 0.2695 |
| LG디스플레이 | 0.1731 | 0.0779 | 0.1529 | 0.1888 | 0.1837 | 0.1484 | 0.2645 | 0.0927 | 0.1545 | 0.2695 | 1.0000 |

## 포트폴리오 VaR (10-day, 99%) — 2025-12-15

- Total portfolio value (used): 13,361,240 KRW
- z-score: 2.33
- Portfolio σ (money, 10d): 799,197 KRW
- **Portfolio VaR (10d, 99%)**: **1,862,129 KRW**
- VaR / Portfolio value: **13.94%** → ✅ 15% 이하

## Top 10 Component VaR

| Rank | Name | Position (KRW) | σ10d | cVaR (KRW) | cVaR/Port | cVaR/Pos | Note |
|---:|---|---:|---:|---:|---:|---:|---|
| 1 | 세아베스틸지주 | 1,566,400 | 0.3433 | 974,340 | 52.32% | 62.20% |  |
| 2 | 영원무역홀딩스 | 3,164,800 | 0.0974 | 424,578 | 22.80% | 13.42% |  |
| 3 | 삼성물산 | 1,479,000 | 0.0861 | 127,662 | 6.86% | 8.63% |  |
| 4 | 현대지에프홀딩스 | 780,300 | 0.0867 | 88,560 | 4.76% | 11.35% |  |
| 5 | 오리온홀딩스 | 765,000 | 0.0565 | 49,549 | 2.66% | 6.48% |  |
| 6 | 동아쏘시오홀딩스 | 1,228,000 | 0.0472 | 44,585 | 2.39% | 3.63% |  |
| 7 | LG디스플레이 | 1,033,200 | 0.0588 | 42,028 | 2.26% | 4.07% |  |
| 8 | 아모레퍼시픽홀딩스 | 489,600 | 0.0727 | 34,185 | 1.84% | 6.98% |  |
| 9 | 강원랜드 | 1,075,800 | 0.0345 | 30,038 | 1.61% | 2.79% |  |
| 10 | LG유플러스 | 934,340 | 0.0447 | 24,948 | 1.34% | 2.67% |  |

- Σ cVaR (all names) = 1,862,129 KRW
