# 포트폴리오 보고서 (기준일: 2025-12-29)

## 요약
- 포트폴리오 **누적 수익률**: **16.22%**  (V₀=11,045,878, Vₜ=12,990,900)
- 포트폴리오 **일일 수익률**: **-0.47%**  (공통 거래일: 2025-12-26 → 2025-12-29)
- KOSPI **일일 수익률**: **2.18%**  (비교 기준일: 2025-12-29)
- **초과수익률(일일)**: **-2.65%**

## 개별 종목 현황 (오늘 기준)

| name | code | shares | buy_price | last_date | close_last | r_i_cum | r_i_daily |
|---|---:|---:|---:|---|---:|---:|---:|
| KT | 030200 | 16 | 52,901 | 2025-12-29 | 53,000 | 0.19% | -0.75% |
| LG디스플레이 | 034220 | 84 | 11,940 | 2025-12-29 | 12,000 | 0.50% | 1.94% |
| LG유플러스 | 032640 | 62 | 14,955 | 2025-12-29 | 14,850 | -0.70% | -1.40% |
| 강원랜드 | 035250 | 60 | 18,291 | 2025-12-29 | 18,490 | 1.08% | -0.27% |
| 동아쏘시오홀딩스 | 000640 | 10 | 109,982 | 2025-12-29 | 109,300 | -0.62% | -0.82% |
| 삼성물산 | 028260 | 6 | 173,255 | 2025-12-29 | 241,500 | 33.21% | 0.41% |
| 세아베스틸지주 | 001430 | 32 | 27,976 | 2025-12-29 | 48,650 | 55.33% | -1.33% |
| 아모레퍼시픽홀딩스 | 002790 | 18 | 27,825 | 2025-12-29 | 26,800 | -3.75% | -0.74% |
| 영원무역홀딩스 | 009970 | 16 | 133,954 | 2025-12-29 | 189,800 | 34.85% | -0.73% |
| 오리온홀딩스 | 001800 | 36 | 21,026 | 2025-12-29 | 20,600 | -2.05% | 0.24% |
| 현대지에프홀딩스 | 005440 | 90 | 8,180 | 2025-12-29 | 8,280 | 1.22% | -1.32% |

## Beta (1Y, 일간 로그수익률)
- 기준일: **2025-12-29**, 윈도우: **2024-12-29 ~ 2025-12-29**

### 포트폴리오 Beta
- 관측치 수: **241**  (공통 거래일 기준)
- 기간: **2025-01-02 ~ 2025-12-29**
- **Beta (직접법)**: **0.5601**

### 개별 종목 Beta
| name | code | n | period | beta |
|---|---:|---:|---|---:|
| KT | 030200 | 242 | 2024-12-30 ~ 2025-12-29 | 0.2169 |
| LG디스플레이 | 034220 | 242 | 2024-12-30 ~ 2025-12-29 | 1.0733 |
| LG유플러스 | 032640 | 242 | 2024-12-30 ~ 2025-12-29 | 0.1490 |
| 강원랜드 | 035250 | 242 | 2024-12-30 ~ 2025-12-29 | 0.2457 |
| 동아쏘시오홀딩스 | 000640 | 242 | 2024-12-30 ~ 2025-12-29 | 0.2130 |
| 삼성물산 | 028260 | 242 | 2024-12-30 ~ 2025-12-29 | 1.0509 |
| 세아베스틸지주 | 001430 | 242 | 2024-12-30 ~ 2025-12-29 | 0.6450 |
| 아모레퍼시픽홀딩스 | 002790 | 242 | 2024-12-30 ~ 2025-12-29 | 0.6077 |
| 영원무역홀딩스 | 009970 | 242 | 2024-12-30 ~ 2025-12-29 | 0.6165 |
| 오리온홀딩스 | 001800 | 242 | 2024-12-30 ~ 2025-12-29 | 0.5710 |
| 현대지에프홀딩스 | 005440 | 242 | 2024-12-30 ~ 2025-12-29 | 0.7176 |

## EWMA Vol (1Y, λ=0.94, Daily)
- 기준일: **2025-12-29**, 윈도우: **2024-12-29 ~ 2025-12-29**
- 결과는 **일간 표준편차(σ)**이며 **연간화하지 않음**

| name | code | n | period | ewma_sigma_daily |
|---|---:|---:|---|---:|
| KT | 030200 | 242 | 2024-12-30 ~ 2025-12-29 | 0.013681 |
| LG디스플레이 | 034220 | 242 | 2024-12-30 ~ 2025-12-29 | 0.020504 |
| LG유플러스 | 032640 | 242 | 2024-12-30 ~ 2025-12-29 | 0.015113 |
| 강원랜드 | 035250 | 242 | 2024-12-30 ~ 2025-12-29 | 0.010356 |
| 동아쏘시오홀딩스 | 000640 | 242 | 2024-12-30 ~ 2025-12-29 | 0.015285 |
| 삼성물산 | 028260 | 242 | 2024-12-30 ~ 2025-12-29 | 0.025511 |
| 세아베스틸지주 | 001430 | 242 | 2024-12-30 ~ 2025-12-29 | 0.081925 |
| 아모레퍼시픽홀딩스 | 002790 | 242 | 2024-12-30 ~ 2025-12-29 | 0.019789 |
| 영원무역홀딩스 | 009970 | 242 | 2024-12-30 ~ 2025-12-29 | 0.033666 |
| 오리온홀딩스 | 001800 | 242 | 2024-12-30 ~ 2025-12-29 | 0.014826 |
| 현대지에프홀딩스 | 005440 | 242 | 2024-12-30 ~ 2025-12-29 | 0.021463 |
## 종목 간 상관관계 (1년)

- 기준일: 2025-12-29  | 기간: 2024-12-29 ~ 2025-12-29


| name | 동아쏘시오홀딩스 | 세아베스틸지주 | 오리온홀딩스 | 아모레퍼시픽홀딩스 | 현대지에프홀딩스 | 영원무역홀딩스 | 삼성물산 | KT | LG유플러스 | 강원랜드 | LG디스플레이 |
|---|---:|---:|---:|---:|---:|---:|---:|---:|---:|---:|---:|
| 동아쏘시오홀딩스 | 1.0000 | 0.0974 | 0.3150 | 0.1719 | 0.3359 | 0.2182 | 0.1726 | 0.0467 | 0.1136 | 0.1440 | 0.2040 |
| 세아베스틸지주 | 0.0974 | 1.0000 | 0.1561 | 0.1656 | 0.1678 | 0.1152 | 0.0617 | 0.0401 | 0.0514 | 0.1288 | 0.0462 |
| 오리온홀딩스 | 0.3150 | 0.1561 | 1.0000 | 0.3785 | 0.5687 | 0.3630 | 0.3139 | 0.1979 | 0.2334 | 0.2139 | 0.1452 |
| 아모레퍼시픽홀딩스 | 0.1719 | 0.1656 | 0.3785 | 1.0000 | 0.3169 | 0.2029 | 0.3569 | 0.2147 | 0.1463 | 0.2569 | 0.1808 |
| 현대지에프홀딩스 | 0.3359 | 0.1678 | 0.5687 | 0.3169 | 1.0000 | 0.4327 | 0.3846 | 0.2041 | 0.2075 | 0.3095 | 0.1703 |
| 영원무역홀딩스 | 0.2182 | 0.1152 | 0.3630 | 0.2029 | 0.4327 | 1.0000 | 0.2685 | 0.2374 | 0.1839 | 0.1580 | 0.1459 |
| 삼성물산 | 0.1726 | 0.0617 | 0.3139 | 0.3569 | 0.3846 | 0.2685 | 1.0000 | 0.1995 | 0.1196 | 0.1296 | 0.2586 |
| KT | 0.0467 | 0.0401 | 0.1979 | 0.2147 | 0.2041 | 0.2374 | 0.1995 | 1.0000 | 0.2760 | 0.1669 | 0.0776 |
| LG유플러스 | 0.1136 | 0.0514 | 0.2334 | 0.1463 | 0.2075 | 0.1839 | 0.1196 | 0.2760 | 1.0000 | 0.1888 | 0.1540 |
| 강원랜드 | 0.1440 | 0.1288 | 0.2139 | 0.2569 | 0.3095 | 0.1580 | 0.1296 | 0.1669 | 0.1888 | 1.0000 | 0.2481 |
| LG디스플레이 | 0.2040 | 0.0462 | 0.1452 | 0.1808 | 0.1703 | 0.1459 | 0.2586 | 0.0776 | 0.1540 | 0.2481 | 1.0000 |

## 포트폴리오 VaR (10-day, 99%) — 2025-12-29

- Total portfolio value (used): 12,990,900 KRW
- z-score: 2.33
- Portfolio σ (money, 10d): 692,710 KRW
- **Portfolio VaR (10d, 99%)**: **1,614,015 KRW**
- VaR / Portfolio value: **12.42%** → ✅ 15% 이하

## Top 10 Component VaR

| Rank | Name | Position (KRW) | σ10d | cVaR (KRW) | cVaR/Port | cVaR/Pos | Note |
|---:|---|---:|---:|---:|---:|---:|---|
| 1 | 세아베스틸지주 | 1,556,800 | 0.2906 | 801,691 | 49.67% | 51.50% |  |
| 2 | 영원무역홀딩스 | 3,036,800 | 0.0941 | 429,883 | 26.63% | 14.16% |  |
| 3 | 삼성물산 | 1,449,000 | 0.0720 | 101,622 | 6.30% | 7.01% |  |
| 4 | 현대지에프홀딩스 | 745,200 | 0.0698 | 65,560 | 4.06% | 8.80% |  |
| 5 | 동아쏘시오홀딩스 | 1,093,000 | 0.0498 | 42,991 | 2.66% | 3.93% |  |
| 6 | 오리온홀딩스 | 741,600 | 0.0457 | 37,648 | 2.33% | 5.08% |  |
| 7 | LG디스플레이 | 1,008,000 | 0.0539 | 35,131 | 2.18% | 3.49% |  |
| 8 | 강원랜드 | 1,109,400 | 0.0361 | 29,864 | 1.85% | 2.69% |  |
| 9 | 아모레퍼시픽홀딩스 | 482,400 | 0.0634 | 27,943 | 1.73% | 5.79% |  |
| 10 | LG유플러스 | 920,700 | 0.0416 | 23,207 | 1.44% | 2.52% |  |

- Σ cVaR (all names) = 1,614,015 KRW
