# 포트폴리오 보고서 (기준일: 2025-11-25)

## 요약
- 포트폴리오 **누적 수익률**: **6.86%**  (V₀=11,045,878, Vₜ=11,830,160)
- 포트폴리오 **일일 수익률**: **-0.52%**  (공통 거래일: 2025-11-24 → 2025-11-25)
- KOSPI **일일 수익률**: **0.30%**  (비교 기준일: 2025-11-25)
- **초과수익률(일일)**: **-0.82%**

## 개별 종목 현황 (오늘 기준)

| name | code | shares | buy_price | last_date | close_last | r_i_cum | r_i_daily |
|---|---:|---:|---:|---|---:|---:|---:|
| KT | 030200 | 16 | 52,901 | 2025-11-25 | 49,850 | -5.94% | -0.50% |
| LG디스플레이 | 034220 | 84 | 11,940 | 2025-11-25 | 12,230 | 2.40% | 0.08% |
| LG유플러스 | 032640 | 62 | 14,955 | 2025-11-25 | 15,200 | 1.62% | -4.69% |
| 강원랜드 | 035250 | 60 | 18,291 | 2025-11-25 | 17,530 | -4.25% | -2.20% |
| 동아쏘시오홀딩스 | 000640 | 10 | 109,982 | 2025-11-25 | 110,000 | 0.02% | -0.18% |
| 삼성물산 | 028260 | 6 | 173,255 | 2025-11-25 | 228,500 | 27.68% | 4.70% |
| 세아베스틸지주 | 001430 | 32 | 27,976 | 2025-11-25 | 26,900 | -3.92% | 2.07% |
| 아모레퍼시픽홀딩스 | 002790 | 18 | 27,825 | 2025-11-25 | 28,700 | 3.10% | -3.42% |
| 영원무역홀딩스 | 009970 | 16 | 133,954 | 2025-11-25 | 172,100 | 25.06% | -0.81% |
| 오리온홀딩스 | 001800 | 36 | 21,026 | 2025-11-25 | 19,340 | -8.36% | -1.79% |
| 현대지에프홀딩스 | 005440 | 90 | 8,180 | 2025-11-25 | 7,920 | -3.23% | -2.12% |

## Beta (1Y, 일간 로그수익률)
- 기준일: **2025-11-25**, 윈도우: **2024-11-25 ~ 2025-11-25**

### 포트폴리오 Beta
- 관측치 수: **242**  (공통 거래일 기준)
- 기간: **2024-11-26 ~ 2025-11-25**
- **Beta (직접법)**: **0.5724**

### 개별 종목 Beta
| name | code | n | period | beta |
|---|---:|---:|---|---:|
| KT | 030200 | 243 | 2024-11-25 ~ 2025-11-25 | 0.2601 |
| LG디스플레이 | 034220 | 243 | 2024-11-25 ~ 2025-11-25 | 1.1479 |
| LG유플러스 | 032640 | 243 | 2024-11-25 ~ 2025-11-25 | 0.1965 |
| 강원랜드 | 035250 | 243 | 2024-11-25 ~ 2025-11-25 | 0.3407 |
| 동아쏘시오홀딩스 | 000640 | 243 | 2024-11-25 ~ 2025-11-25 | 0.2245 |
| 삼성물산 | 028260 | 243 | 2024-11-25 ~ 2025-11-25 | 1.0659 |
| 세아베스틸지주 | 001430 | 243 | 2024-11-25 ~ 2025-11-25 | 0.5674 |
| 아모레퍼시픽홀딩스 | 002790 | 243 | 2024-11-25 ~ 2025-11-25 | 0.7300 |
| 영원무역홀딩스 | 009970 | 243 | 2024-11-25 ~ 2025-11-25 | 0.5199 |
| 오리온홀딩스 | 001800 | 243 | 2024-11-25 ~ 2025-11-25 | 0.6284 |
| 현대지에프홀딩스 | 005440 | 243 | 2024-11-25 ~ 2025-11-25 | 0.7930 |

## EWMA Vol (1Y, λ=0.94, Daily)
- 기준일: **2025-11-25**, 윈도우: **2024-11-25 ~ 2025-11-25**
- 결과는 **일간 표준편차(σ)**이며 **연간화하지 않음**

| name | code | n | period | ewma_sigma_daily |
|---|---:|---:|---|---:|
| KT | 030200 | 243 | 2024-11-25 ~ 2025-11-25 | 0.011532 |
| LG디스플레이 | 034220 | 243 | 2024-11-25 ~ 2025-11-25 | 0.028340 |
| LG유플러스 | 032640 | 243 | 2024-11-25 ~ 2025-11-25 | 0.022845 |
| 강원랜드 | 035250 | 243 | 2024-11-25 ~ 2025-11-25 | 0.011714 |
| 동아쏘시오홀딩스 | 000640 | 243 | 2024-11-25 ~ 2025-11-25 | 0.017232 |
| 삼성물산 | 028260 | 243 | 2024-11-25 ~ 2025-11-25 | 0.030922 |
| 세아베스틸지주 | 001430 | 243 | 2024-11-25 ~ 2025-11-25 | 0.028178 |
| 아모레퍼시픽홀딩스 | 002790 | 243 | 2024-11-25 ~ 2025-11-25 | 0.031301 |
| 영원무역홀딩스 | 009970 | 243 | 2024-11-25 ~ 2025-11-25 | 0.031932 |
| 오리온홀딩스 | 001800 | 243 | 2024-11-25 ~ 2025-11-25 | 0.018335 |
| 현대지에프홀딩스 | 005440 | 243 | 2024-11-25 ~ 2025-11-25 | 0.030874 |
## 종목 간 상관관계 (1년)

- 기준일: 2025-11-25  | 기간: 2024-11-25 ~ 2025-11-25


| name | 동아쏘시오홀딩스 | 세아베스틸지주 | 오리온홀딩스 | 아모레퍼시픽홀딩스 | 현대지에프홀딩스 | 영원무역홀딩스 | 삼성물산 | KT | LG유플러스 | 강원랜드 | LG디스플레이 |
|---|---:|---:|---:|---:|---:|---:|---:|---:|---:|---:|---:|
| 동아쏘시오홀딩스 | 1.0000 | 0.1856 | 0.3128 | 0.1921 | 0.3251 | 0.2349 | 0.1762 | 0.0333 | 0.1113 | 0.1631 | 0.1931 |
| 세아베스틸지주 | 0.1856 | 1.0000 | 0.2257 | 0.2880 | 0.2665 | 0.1716 | 0.0942 | 0.1037 | 0.1166 | 0.3048 | 0.1421 |
| 오리온홀딩스 | 0.3128 | 0.2257 | 1.0000 | 0.3959 | 0.5612 | 0.3841 | 0.3291 | 0.1819 | 0.2476 | 0.2590 | 0.1715 |
| 아모레퍼시픽홀딩스 | 0.1921 | 0.2880 | 0.3959 | 1.0000 | 0.3252 | 0.2216 | 0.3658 | 0.2167 | 0.1739 | 0.3028 | 0.2248 |
| 현대지에프홀딩스 | 0.3251 | 0.2665 | 0.5612 | 0.3252 | 1.0000 | 0.4425 | 0.4009 | 0.2453 | 0.2136 | 0.3350 | 0.1970 |
| 영원무역홀딩스 | 0.2349 | 0.1716 | 0.3841 | 0.2216 | 0.4425 | 1.0000 | 0.2550 | 0.2629 | 0.1925 | 0.1788 | 0.1497 |
| 삼성물산 | 0.1762 | 0.0942 | 0.3291 | 0.3658 | 0.4009 | 0.2550 | 1.0000 | 0.1788 | 0.1433 | 0.1814 | 0.2837 |
| KT | 0.0333 | 0.1037 | 0.1819 | 0.2167 | 0.2453 | 0.2629 | 0.1788 | 1.0000 | 0.3182 | 0.1990 | 0.0749 |
| LG유플러스 | 0.1113 | 0.1166 | 0.2476 | 0.1739 | 0.2136 | 0.1925 | 0.1433 | 0.3182 | 1.0000 | 0.2263 | 0.1738 |
| 강원랜드 | 0.1631 | 0.3048 | 0.2590 | 0.3028 | 0.3350 | 0.1788 | 0.1814 | 0.1990 | 0.2263 | 1.0000 | 0.2914 |
| LG디스플레이 | 0.1931 | 0.1421 | 0.1715 | 0.2248 | 0.1970 | 0.1497 | 0.2837 | 0.0749 | 0.1738 | 0.2914 | 1.0000 |

## 포트폴리오 VaR (10-day, 99%) — 2025-11-25

- Total portfolio value (used): 11,830,160 KRW
- z-score: 2.33
- Portfolio σ (money, 10d): 517,351 KRW
- **Portfolio VaR (10d, 99%)**: **1,205,428 KRW**
- VaR / Portfolio value: **10.19%** → ✅ 15% 이하

## Top 10 Component VaR

| Rank | Name | Position (KRW) | σ10d | cVaR (KRW) | cVaR/Port | cVaR/Pos | Note |
|---:|---|---:|---:|---:|---:|---:|---|
| 1 | 영원무역홀딩스 | 2,753,600 | 0.0908 | 455,192 | 37.76% | 16.53% |  |
| 2 | 삼성물산 | 1,371,000 | 0.0896 | 169,659 | 14.07% | 12.37% |  |
| 3 | 현대지에프홀딩스 | 712,800 | 0.1001 | 115,395 | 9.57% | 16.19% |  |
| 4 | 세아베스틸지주 | 860,800 | 0.1026 | 90,886 | 7.54% | 10.56% |  |
| 5 | LG디스플레이 | 1,027,320 | 0.0734 | 77,241 | 6.41% | 7.52% |  |
| 6 | 아모레퍼시픽홀딩스 | 516,600 | 0.0967 | 60,910 | 5.05% | 11.79% |  |
| 7 | LG유플러스 | 942,400 | 0.0657 | 57,984 | 4.81% | 6.15% |  |
| 8 | 오리온홀딩스 | 696,240 | 0.0575 | 57,095 | 4.74% | 8.20% |  |
| 9 | 동아쏘시오홀딩스 | 1,100,000 | 0.0507 | 56,868 | 4.72% | 5.17% |  |
| 10 | 강원랜드 | 1,051,800 | 0.0384 | 42,551 | 3.53% | 4.05% |  |

- Σ cVaR (all names) = 1,205,428 KRW
