# 포트폴리오 보고서 (기준일: 2025-09-15)

## 요약
- 포트폴리오 **누적 수익률**: **3.53%**  (V₀=11,045,878, Vₜ=11,443,120)
- 포트폴리오 **일일 수익률**: **3.11%**  (공통 거래일: 2025-09-12 → 2025-09-15)
- KOSPI **일일 수익률**: **0.35%**  (비교 기준일: 2025-09-15)
- **초과수익률(일일)**: **2.76%**

## 개별 종목 현황 (오늘 기준)

| name | code | shares | buy_price | last_date | close_last | r_i_cum | r_i_daily |
|---|---:|---:|---:|---|---:|---:|---:|
| KT | 030200 | 16 | 52,901 | 2025-09-15 | 51,700 | -2.30% | 0.78% |
| LG디스플레이 | 034220 | 84 | 11,940 | 2025-09-15 | 12,050 | 0.92% | -0.41% |
| LG유플러스 | 032640 | 62 | 14,955 | 2025-09-15 | 14,910 | -0.30% | -1.66% |
| 강원랜드 | 035250 | 60 | 18,291 | 2025-09-15 | 18,000 | -1.60% | -0.06% |
| 동아쏘시오홀딩스 | 000640 | 10 | 109,982 | 2025-09-15 | 113,600 | 3.24% | 4.96% |
| 삼성물산 | 028260 | 6 | 173,255 | 2025-09-15 | 195,900 | 12.28% | 6.81% |
| 세아베스틸지주 | 001430 | 32 | 27,976 | 2025-09-15 | 26,950 | -3.74% | 0.93% |
| 아모레퍼시픽홀딩스 | 002790 | 18 | 27,825 | 2025-09-15 | 27,800 | -0.09% | 1.09% |
| 영원무역홀딩스 | 009970 | 16 | 133,954 | 2025-09-15 | 143,000 | 6.53% | 4.58% |
| 오리온홀딩스 | 001800 | 36 | 21,026 | 2025-09-15 | 22,250 | 5.66% | 3.43% |
| 현대지에프홀딩스 | 005440 | 90 | 8,180 | 2025-09-15 | 9,290 | 12.72% | 11.27% |

## Beta (1Y, 일간 로그수익률)
- 기준일: **2025-09-15**, 윈도우: **2024-09-15 ~ 2025-09-15**

### 포트폴리오 Beta
- 관측치 수: **240**  (공통 거래일 기준)
- 기간: **2024-09-20 ~ 2025-09-15**
- **Beta (직접법)**: **0.6431**

### 개별 종목 Beta
| name | code | n | period | beta |
|---|---:|---:|---|---:|
| KT | 030200 | 241 | 2024-09-19 ~ 2025-09-15 | 0.2760 |
| LG디스플레이 | 034220 | 241 | 2024-09-19 ~ 2025-09-15 | 1.2812 |
| LG유플러스 | 032640 | 241 | 2024-09-19 ~ 2025-09-15 | 0.2532 |
| 강원랜드 | 035250 | 241 | 2024-09-19 ~ 2025-09-15 | 0.4207 |
| 동아쏘시오홀딩스 | 000640 | 241 | 2024-09-19 ~ 2025-09-15 | 0.2971 |
| 삼성물산 | 028260 | 241 | 2024-09-19 ~ 2025-09-15 | 1.0669 |
| 세아베스틸지주 | 001430 | 241 | 2024-09-19 ~ 2025-09-15 | 0.7247 |
| 아모레퍼시픽홀딩스 | 002790 | 241 | 2024-09-19 ~ 2025-09-15 | 0.9064 |
| 영원무역홀딩스 | 009970 | 241 | 2024-09-19 ~ 2025-09-15 | 0.6198 |
| 오리온홀딩스 | 001800 | 241 | 2024-09-19 ~ 2025-09-15 | 0.6757 |
| 현대지에프홀딩스 | 005440 | 241 | 2024-09-19 ~ 2025-09-15 | 0.8573 |

## EWMA Vol (1Y, λ=0.94, Daily)
- 기준일: **2025-09-15**, 윈도우: **2024-09-15 ~ 2025-09-15**
- 결과는 **일간 표준편차(σ)**이며 **연간화하지 않음**

| name | code | n | period | ewma_sigma_daily |
|---|---:|---:|---|---:|
| KT | 030200 | 241 | 2024-09-19 ~ 2025-09-15 | 0.013783 |
| LG디스플레이 | 034220 | 241 | 2024-09-19 ~ 2025-09-15 | 0.033526 |
| LG유플러스 | 032640 | 241 | 2024-09-19 ~ 2025-09-15 | 0.019435 |
| 강원랜드 | 035250 | 241 | 2024-09-19 ~ 2025-09-15 | 0.009617 |
| 동아쏘시오홀딩스 | 000640 | 241 | 2024-09-19 ~ 2025-09-15 | 0.019867 |
| 삼성물산 | 028260 | 241 | 2024-09-19 ~ 2025-09-15 | 0.024761 |
| 세아베스틸지주 | 001430 | 241 | 2024-09-19 ~ 2025-09-15 | 0.020092 |
| 아모레퍼시픽홀딩스 | 002790 | 241 | 2024-09-19 ~ 2025-09-15 | 0.015050 |
| 영원무역홀딩스 | 009970 | 241 | 2024-09-19 ~ 2025-09-15 | 0.022528 |
| 오리온홀딩스 | 001800 | 241 | 2024-09-19 ~ 2025-09-15 | 0.017613 |
| 현대지에프홀딩스 | 005440 | 241 | 2024-09-19 ~ 2025-09-15 | 0.035785 |

## 종목 간 상관관계 (1년)

- 기준일: 2025-09-15  | 기간: 2024-09-15 ~ 2025-09-15


| name | 동아쏘시오홀딩스 | 세아베스틸지주 | 오리온홀딩스 | 아모레퍼시픽홀딩스 | 현대지에프홀딩스 | 영원무역홀딩스 | 삼성물산 | KT | LG유플러스 | 강원랜드 | LG디스플레이 |
|---|---:|---:|---:|---:|---:|---:|---:|---:|---:|---:|---:|
| 동아쏘시오홀딩스 | 1.0000 | 0.1076 | 0.2744 | 0.2135 | 0.3218 | 0.2074 | 0.1460 | 0.0045 | 0.0379 | 0.1676 | 0.2350 |
| 세아베스틸지주 | 0.1076 | 1.0000 | 0.1709 | 0.2181 | 0.2430 | 0.2247 | 0.1080 | 0.0246 | 0.0692 | 0.2369 | 0.2059 |
| 오리온홀딩스 | 0.2744 | 0.1709 | 1.0000 | 0.3452 | 0.4688 | 0.3768 | 0.3074 | 0.1623 | 0.2340 | 0.1977 | 0.1822 |
| 아모레퍼시픽홀딩스 | 0.2135 | 0.2181 | 0.3452 | 1.0000 | 0.2722 | 0.2609 | 0.4195 | 0.1072 | 0.0708 | 0.2517 | 0.3010 |
| 현대지에프홀딩스 | 0.3218 | 0.2430 | 0.4688 | 0.2722 | 1.0000 | 0.3997 | 0.4156 | 0.1649 | 0.1568 | 0.3047 | 0.2016 |
| 영원무역홀딩스 | 0.2074 | 0.2247 | 0.3768 | 0.2609 | 0.3997 | 1.0000 | 0.3068 | 0.1999 | 0.1474 | 0.1393 | 0.1484 |
| 삼성물산 | 0.1460 | 0.1080 | 0.3074 | 0.4195 | 0.4156 | 0.3068 | 1.0000 | 0.1585 | 0.1375 | 0.2035 | 0.2639 |
| KT | 0.0045 | 0.0246 | 0.1623 | 0.1072 | 0.1649 | 0.1999 | 0.1585 | 1.0000 | 0.4027 | 0.1616 | 0.0420 |
| LG유플러스 | 0.0379 | 0.0692 | 0.2340 | 0.0708 | 0.1568 | 0.1474 | 0.1375 | 0.4027 | 1.0000 | 0.1950 | 0.1134 |
| 강원랜드 | 0.1676 | 0.2369 | 0.1977 | 0.2517 | 0.3047 | 0.1393 | 0.2035 | 0.1616 | 0.1950 | 1.0000 | 0.3245 |
| LG디스플레이 | 0.2350 | 0.2059 | 0.1822 | 0.3010 | 0.2016 | 0.1484 | 0.2639 | 0.0420 | 0.1134 | 0.3245 | 1.0000 |
