# 포트폴리오 보고서 (기준일: 2025-12-22)

## 요약
- 포트폴리오 **누적 수익률**: **21.14%**  (V₀=11,045,878, Vₜ=13,646,260)
- 포트폴리오 **일일 수익률**: **2.41%**  (공통 거래일: 2025-12-19 → 2025-12-22)
- KOSPI **일일 수익률**: **2.10%**  (비교 기준일: 2025-12-22)
- **초과수익률(일일)**: **0.31%**

## 개별 종목 현황 (오늘 기준)

| name | code | shares | buy_price | last_date | close_last | r_i_cum | r_i_daily |
|---|---:|---:|---:|---|---:|---:|---:|
| KT | 030200 | 16 | 52,901 | 2025-12-22 | 53,100 | 0.38% | -1.31% |
| LG디스플레이 | 034220 | 84 | 11,940 | 2025-12-22 | 11,770 | -1.43% | -1.68% |
| LG유플러스 | 032640 | 62 | 14,955 | 2025-12-22 | 15,290 | 2.22% | 1.05% |
| 강원랜드 | 035250 | 60 | 18,291 | 2025-12-22 | 18,720 | 2.32% | 0.91% |
| 동아쏘시오홀딩스 | 000640 | 10 | 109,982 | 2025-12-22 | 115,600 | 4.98% | -1.03% |
| 삼성물산 | 028260 | 6 | 173,255 | 2025-12-22 | 244,500 | 34.45% | -1.82% |
| 세아베스틸지주 | 001430 | 32 | 27,976 | 2025-12-22 | 51,300 | 60.63% | 15.46% |
| 아모레퍼시픽홀딩스 | 002790 | 18 | 27,825 | 2025-12-22 | 27,650 | -0.63% | -0.72% |
| 영원무역홀딩스 | 009970 | 16 | 133,954 | 2025-12-22 | 215,000 | 47.31% | 4.03% |
| 오리온홀딩스 | 001800 | 36 | 21,026 | 2025-12-22 | 21,100 | 0.35% | -0.71% |
| 현대지에프홀딩스 | 005440 | 90 | 8,180 | 2025-12-22 | 8,610 | 5.12% | 1.29% |

## Beta (1Y, 일간 로그수익률)
- 기준일: **2025-12-22**, 윈도우: **2024-12-22 ~ 2025-12-22**

### 포트폴리오 Beta
- 관측치 수: **241**  (공통 거래일 기준)
- 기간: **2024-12-24 ~ 2025-12-22**
- **Beta (직접법)**: **0.5732**

### 개별 종목 Beta
| name | code | n | period | beta |
|---|---:|---:|---|---:|
| KT | 030200 | 242 | 2024-12-23 ~ 2025-12-22 | 0.2325 |
| LG디스플레이 | 034220 | 242 | 2024-12-23 ~ 2025-12-22 | 1.0929 |
| LG유플러스 | 032640 | 242 | 2024-12-23 ~ 2025-12-22 | 0.1655 |
| 강원랜드 | 035250 | 242 | 2024-12-23 ~ 2025-12-22 | 0.2593 |
| 동아쏘시오홀딩스 | 000640 | 242 | 2024-12-23 ~ 2025-12-22 | 0.2144 |
| 삼성물산 | 028260 | 242 | 2024-12-23 ~ 2025-12-22 | 1.0608 |
| 세아베스틸지주 | 001430 | 242 | 2024-12-23 ~ 2025-12-22 | 0.6707 |
| 아모레퍼시픽홀딩스 | 002790 | 242 | 2024-12-23 ~ 2025-12-22 | 0.6302 |
| 영원무역홀딩스 | 009970 | 242 | 2024-12-23 ~ 2025-12-22 | 0.6167 |
| 오리온홀딩스 | 001800 | 242 | 2024-12-23 ~ 2025-12-22 | 0.5822 |
| 현대지에프홀딩스 | 005440 | 242 | 2024-12-23 ~ 2025-12-22 | 0.7376 |

## EWMA Vol (1Y, λ=0.94, Daily)
- 기준일: **2025-12-22**, 윈도우: **2024-12-22 ~ 2025-12-22**
- 결과는 **일간 표준편차(σ)**이며 **연간화하지 않음**

| name | code | n | period | ewma_sigma_daily |
|---|---:|---:|---|---:|
| KT | 030200 | 242 | 2024-12-23 ~ 2025-12-22 | 0.015271 |
| LG디스플레이 | 034220 | 242 | 2024-12-23 ~ 2025-12-22 | 0.021250 |
| LG유플러스 | 032640 | 242 | 2024-12-23 ~ 2025-12-22 | 0.014635 |
| 강원랜드 | 035250 | 242 | 2024-12-23 ~ 2025-12-22 | 0.010513 |
| 동아쏘시오홀딩스 | 000640 | 242 | 2024-12-23 ~ 2025-12-22 | 0.014885 |
| 삼성물산 | 028260 | 242 | 2024-12-23 ~ 2025-12-22 | 0.028536 |
| 세아베스틸지주 | 001430 | 242 | 2024-12-23 ~ 2025-12-22 | 0.083214 |
| 아모레퍼시픽홀딩스 | 002790 | 242 | 2024-12-23 ~ 2025-12-22 | 0.021071 |
| 영원무역홀딩스 | 009970 | 242 | 2024-12-23 ~ 2025-12-22 | 0.032642 |
| 오리온홀딩스 | 001800 | 242 | 2024-12-23 ~ 2025-12-22 | 0.015883 |
| 현대지에프홀딩스 | 005440 | 242 | 2024-12-23 ~ 2025-12-22 | 0.023591 |
## 종목 간 상관관계 (1년)

- 기준일: 2025-12-22  | 기간: 2024-12-22 ~ 2025-12-22


| name | 동아쏘시오홀딩스 | 세아베스틸지주 | 오리온홀딩스 | 아모레퍼시픽홀딩스 | 현대지에프홀딩스 | 영원무역홀딩스 | 삼성물산 | KT | LG유플러스 | 강원랜드 | LG디스플레이 |
|---|---:|---:|---:|---:|---:|---:|---:|---:|---:|---:|---:|
| 동아쏘시오홀딩스 | 1.0000 | 0.1058 | 0.3107 | 0.1666 | 0.3235 | 0.2123 | 0.1712 | 0.0363 | 0.1014 | 0.1332 | 0.1914 |
| 세아베스틸지주 | 0.1058 | 1.0000 | 0.1551 | 0.1691 | 0.1800 | 0.0846 | 0.0562 | 0.0431 | 0.0718 | 0.1517 | 0.0658 |
| 오리온홀딩스 | 0.3107 | 0.1551 | 1.0000 | 0.3810 | 0.5698 | 0.3554 | 0.3151 | 0.2025 | 0.2362 | 0.2237 | 0.1484 |
| 아모레퍼시픽홀딩스 | 0.1666 | 0.1691 | 0.3810 | 1.0000 | 0.3198 | 0.1958 | 0.3606 | 0.2217 | 0.1474 | 0.2630 | 0.1877 |
| 현대지에프홀딩스 | 0.3235 | 0.1800 | 0.5698 | 0.3198 | 1.0000 | 0.4309 | 0.3868 | 0.2110 | 0.2071 | 0.3116 | 0.1791 |
| 영원무역홀딩스 | 0.2123 | 0.0846 | 0.3554 | 0.1958 | 0.4309 | 1.0000 | 0.2631 | 0.2359 | 0.1856 | 0.1527 | 0.1517 |
| 삼성물산 | 0.1712 | 0.0562 | 0.3151 | 0.3606 | 0.3868 | 0.2631 | 1.0000 | 0.2030 | 0.1248 | 0.1373 | 0.2655 |
| KT | 0.0363 | 0.0431 | 0.2025 | 0.2217 | 0.2110 | 0.2359 | 0.2030 | 1.0000 | 0.2827 | 0.1765 | 0.0921 |
| LG유플러스 | 0.1014 | 0.0718 | 0.2362 | 0.1474 | 0.2071 | 0.1856 | 0.1248 | 0.2827 | 1.0000 | 0.1830 | 0.1542 |
| 강원랜드 | 0.1332 | 0.1517 | 0.2237 | 0.2630 | 0.3116 | 0.1527 | 0.1373 | 0.1765 | 0.1830 | 1.0000 | 0.2478 |
| LG디스플레이 | 0.1914 | 0.0658 | 0.1484 | 0.1877 | 0.1791 | 0.1517 | 0.2655 | 0.0921 | 0.1542 | 0.2478 | 1.0000 |

## 포트폴리오 VaR (10-day, 99%) — 2025-12-22

- Total portfolio value (used): 13,646,260 KRW
- z-score: 2.33
- Portfolio σ (money, 10d): 777,801 KRW
- **Portfolio VaR (10d, 99%)**: **1,812,275 KRW**
- VaR / Portfolio value: **13.28%** → ✅ 15% 이하

## Top 10 Component VaR

| Rank | Name | Position (KRW) | σ10d | cVaR (KRW) | cVaR/Port | cVaR/Pos | Note |
|---:|---|---:|---:|---:|---:|---:|---|
| 1 | 세아베스틸지주 | 1,641,600 | 0.3203 | 946,738 | 52.24% | 57.67% |  |
| 2 | 영원무역홀딩스 | 3,440,000 | 0.0921 | 453,927 | 25.05% | 13.20% |  |
| 3 | 삼성물산 | 1,467,000 | 0.0799 | 111,659 | 6.16% | 7.61% |  |
| 4 | 현대지에프홀딩스 | 774,900 | 0.0763 | 74,922 | 4.13% | 9.67% |  |
| 5 | 동아쏘시오홀딩스 | 1,156,000 | 0.0474 | 41,875 | 2.31% | 3.62% |  |
| 6 | 오리온홀딩스 | 759,600 | 0.0491 | 40,751 | 2.25% | 5.36% |  |
| 7 | LG디스플레이 | 988,680 | 0.0557 | 36,420 | 2.01% | 3.68% |  |
| 8 | 강원랜드 | 1,123,200 | 0.0364 | 31,202 | 1.72% | 2.78% |  |
| 9 | 아모레퍼시픽홀딩스 | 497,700 | 0.0666 | 30,062 | 1.66% | 6.04% |  |
| 10 | LG유플러스 | 947,980 | 0.0411 | 24,167 | 1.33% | 2.55% |  |

- Σ cVaR (all names) = 1,812,275 KRW
