# 포트폴리오 보고서 (기준일: 2025-11-20)

## 요약
- 포트폴리오 **누적 수익률**: **7.88%**  (V₀=11,045,878, Vₜ=11,951,060)
- 포트폴리오 **일일 수익률**: **0.94%**  (공통 거래일: 2025-11-19 → 2025-11-20)
- KOSPI **일일 수익률**: **1.90%**  (비교 기준일: 2025-11-20)
- **초과수익률(일일)**: **-0.96%**

## 개별 종목 현황 (오늘 기준)

| name | code | shares | buy_price | last_date | close_last | r_i_cum | r_i_daily |
|---|---:|---:|---:|---|---:|---:|---:|
| KT | 030200 | 16 | 52,901 | 2025-11-20 | 49,300 | -7.05% | -0.61% |
| LG디스플레이 | 034220 | 84 | 11,940 | 2025-11-20 | 12,500 | 4.58% | 0.96% |
| LG유플러스 | 032640 | 62 | 14,955 | 2025-11-20 | 15,780 | 5.37% | 0.89% |
| 강원랜드 | 035250 | 60 | 18,291 | 2025-11-20 | 17,630 | -3.68% | 0.40% |
| 동아쏘시오홀딩스 | 000640 | 10 | 109,982 | 2025-11-20 | 108,800 | -1.08% | 0.46% |
| 삼성물산 | 028260 | 6 | 173,255 | 2025-11-20 | 224,000 | 25.69% | 5.04% |
| 세아베스틸지주 | 001430 | 32 | 27,976 | 2025-11-20 | 26,850 | -4.11% | 1.69% |
| 아모레퍼시픽홀딩스 | 002790 | 18 | 27,825 | 2025-11-20 | 30,950 | 10.64% | 4.63% |
| 영원무역홀딩스 | 009970 | 16 | 133,954 | 2025-11-20 | 172,100 | 25.06% | -1.67% |
| 오리온홀딩스 | 001800 | 36 | 21,026 | 2025-11-20 | 19,850 | -5.76% | 0.35% |
| 현대지에프홀딩스 | 005440 | 90 | 8,180 | 2025-11-20 | 8,440 | 3.13% | 3.62% |

## Beta (1Y, 일간 로그수익률)
- 기준일: **2025-11-20**, 윈도우: **2024-11-20 ~ 2025-11-20**

### 포트폴리오 Beta
- 관측치 수: **242**  (공통 거래일 기준)
- 기간: **2024-11-21 ~ 2025-11-20**
- **Beta (직접법)**: **0.5791**

### 개별 종목 Beta
| name | code | n | period | beta |
|---|---:|---:|---|---:|
| KT | 030200 | 243 | 2024-11-20 ~ 2025-11-20 | 0.2835 |
| LG디스플레이 | 034220 | 243 | 2024-11-20 ~ 2025-11-20 | 1.1609 |
| LG유플러스 | 032640 | 243 | 2024-11-20 ~ 2025-11-20 | 0.1973 |
| 강원랜드 | 035250 | 243 | 2024-11-20 ~ 2025-11-20 | 0.3601 |
| 동아쏘시오홀딩스 | 000640 | 243 | 2024-11-20 ~ 2025-11-20 | 0.2113 |
| 삼성물산 | 028260 | 243 | 2024-11-20 ~ 2025-11-20 | 1.0700 |
| 세아베스틸지주 | 001430 | 243 | 2024-11-20 ~ 2025-11-20 | 0.5672 |
| 아모레퍼시픽홀딩스 | 002790 | 243 | 2024-11-20 ~ 2025-11-20 | 0.7403 |
| 영원무역홀딩스 | 009970 | 243 | 2024-11-20 ~ 2025-11-20 | 0.5391 |
| 오리온홀딩스 | 001800 | 243 | 2024-11-20 ~ 2025-11-20 | 0.6501 |
| 현대지에프홀딩스 | 005440 | 243 | 2024-11-20 ~ 2025-11-20 | 0.7947 |

## EWMA Vol (1Y, λ=0.94, Daily)
- 기준일: **2025-11-20**, 윈도우: **2024-11-20 ~ 2025-11-20**
- 결과는 **일간 표준편차(σ)**이며 **연간화하지 않음**

| name | code | n | period | ewma_sigma_daily |
|---|---:|---:|---|---:|
| KT | 030200 | 243 | 2024-11-20 ~ 2025-11-20 | 0.012160 |
| LG디스플레이 | 034220 | 243 | 2024-11-20 ~ 2025-11-20 | 0.030220 |
| LG유플러스 | 032640 | 243 | 2024-11-20 ~ 2025-11-20 | 0.020766 |
| 강원랜드 | 035250 | 243 | 2024-11-20 ~ 2025-11-20 | 0.010956 |
| 동아쏘시오홀딩스 | 000640 | 243 | 2024-11-20 ~ 2025-11-20 | 0.014537 |
| 삼성물산 | 028260 | 243 | 2024-11-20 ~ 2025-11-20 | 0.030019 |
| 세아베스틸지주 | 001430 | 243 | 2024-11-20 ~ 2025-11-20 | 0.030198 |
| 아모레퍼시픽홀딩스 | 002790 | 243 | 2024-11-20 ~ 2025-11-20 | 0.032182 |
| 영원무역홀딩스 | 009970 | 243 | 2024-11-20 ~ 2025-11-20 | 0.034935 |
| 오리온홀딩스 | 001800 | 243 | 2024-11-20 ~ 2025-11-20 | 0.019453 |
| 현대지에프홀딩스 | 005440 | 243 | 2024-11-20 ~ 2025-11-20 | 0.032488 |
## 종목 간 상관관계 (1년)

- 기준일: 2025-11-20  | 기간: 2024-11-20 ~ 2025-11-20


| name | 동아쏘시오홀딩스 | 세아베스틸지주 | 오리온홀딩스 | 아모레퍼시픽홀딩스 | 현대지에프홀딩스 | 영원무역홀딩스 | 삼성물산 | KT | LG유플러스 | 강원랜드 | LG디스플레이 |
|---|---:|---:|---:|---:|---:|---:|---:|---:|---:|---:|---:|
| 동아쏘시오홀딩스 | 1.0000 | 0.1932 | 0.3171 | 0.2015 | 0.3276 | 0.2391 | 0.1689 | 0.0282 | 0.0845 | 0.1581 | 0.1879 |
| 세아베스틸지주 | 0.1932 | 1.0000 | 0.2165 | 0.2917 | 0.2642 | 0.1713 | 0.0836 | 0.0758 | 0.0926 | 0.3007 | 0.1443 |
| 오리온홀딩스 | 0.3171 | 0.2165 | 1.0000 | 0.3890 | 0.5576 | 0.3841 | 0.3396 | 0.1890 | 0.2487 | 0.2593 | 0.1693 |
| 아모레퍼시픽홀딩스 | 0.2015 | 0.2917 | 0.3890 | 1.0000 | 0.3157 | 0.2191 | 0.3831 | 0.2122 | 0.1543 | 0.2997 | 0.2249 |
| 현대지에프홀딩스 | 0.3276 | 0.2642 | 0.5576 | 0.3157 | 1.0000 | 0.4403 | 0.4079 | 0.2451 | 0.2065 | 0.3362 | 0.1956 |
| 영원무역홀딩스 | 0.2391 | 0.1713 | 0.3841 | 0.2191 | 0.4403 | 1.0000 | 0.2612 | 0.2600 | 0.1856 | 0.1771 | 0.1486 |
| 삼성물산 | 0.1689 | 0.0836 | 0.3396 | 0.3831 | 0.4079 | 0.2612 | 1.0000 | 0.1871 | 0.1637 | 0.1990 | 0.2797 |
| KT | 0.0282 | 0.0758 | 0.1890 | 0.2122 | 0.2451 | 0.2600 | 0.1871 | 1.0000 | 0.3448 | 0.2025 | 0.0713 |
| LG유플러스 | 0.0845 | 0.0926 | 0.2487 | 0.1543 | 0.2065 | 0.1856 | 0.1637 | 0.3448 | 1.0000 | 0.2147 | 0.1652 |
| 강원랜드 | 0.1581 | 0.3007 | 0.2593 | 0.2997 | 0.3362 | 0.1771 | 0.1990 | 0.2025 | 0.2147 | 1.0000 | 0.2927 |
| LG디스플레이 | 0.1879 | 0.1443 | 0.1693 | 0.2249 | 0.1956 | 0.1486 | 0.2797 | 0.0713 | 0.1652 | 0.2927 | 1.0000 |

## 포트폴리오 VaR (10-day, 99%) — 2025-11-20

- Total portfolio value (used): 11,951,060 KRW
- z-score: 2.33
- Portfolio σ (money, 10d): 547,796 KRW
- **Portfolio VaR (10d, 99%)**: **1,276,365 KRW**
- VaR / Portfolio value: **10.68%** → ✅ 15% 이하

## Top 10 Component VaR

| Rank | Name | Position (KRW) | σ10d | cVaR (KRW) | cVaR/Port | cVaR/Pos | Note |
|---:|---|---:|---:|---:|---:|---:|---|
| 1 | 영원무역홀딩스 | 2,753,600 | 0.0994 | 506,074 | 39.65% | 18.38% |  |
| 2 | 삼성물산 | 1,344,000 | 0.0877 | 160,769 | 12.60% | 11.96% |  |
| 3 | 현대지에프홀딩스 | 759,600 | 0.1041 | 127,757 | 10.01% | 16.82% |  |
| 4 | 세아베스틸지주 | 859,200 | 0.1104 | 96,565 | 7.57% | 11.24% |  |
| 5 | LG디스플레이 | 1,050,000 | 0.0776 | 82,256 | 6.44% | 7.83% |  |
| 6 | 아모레퍼시픽홀딩스 | 557,100 | 0.1033 | 70,426 | 5.52% | 12.64% |  |
| 7 | 오리온홀딩스 | 714,600 | 0.0607 | 62,014 | 4.86% | 8.68% |  |
| 8 | LG유플러스 | 978,360 | 0.0655 | 58,516 | 4.58% | 5.98% |  |
| 9 | 동아쏘시오홀딩스 | 1,088,000 | 0.0438 | 46,684 | 3.66% | 4.29% |  |
| 10 | 강원랜드 | 1,057,800 | 0.0364 | 40,133 | 3.14% | 3.79% |  |

- Σ cVaR (all names) = 1,276,365 KRW
