# 포트폴리오 보고서 (기준일: 2026-02-02)

## 요약
- 포트폴리오 **누적 수익률**: **25.29%**  (V₀=11,045,878, Vₜ=14,223,760)
- 포트폴리오 **일일 수익률**: **-2.41%**  (공통 거래일: 2026-01-30 → 2026-02-02)
- KOSPI **일일 수익률**: **1.23%**  (비교 기준일: 2025-09-16)
- **초과수익률(일일)**: **-3.65%**

## 개별 종목 현황 (오늘 기준)

| name | code | shares | buy_price | last_date | close_last | r_i_cum | r_i_daily |
|---|---:|---:|---:|---|---:|---:|---:|
| KT | 030200 | 16 | 52,901 | 2026-02-02 | 55,200 | 4.25% | -3.03% |
| LG디스플레이 | 034220 | 84 | 11,940 | 2026-02-02 | 11,040 | -7.84% | -5.55% |
| LG유플러스 | 032640 | 62 | 14,955 | 2026-02-02 | 15,900 | 6.13% | -0.63% |
| 강원랜드 | 035250 | 60 | 18,291 | 2026-02-02 | 17,060 | -6.97% | -2.20% |
| 동아쏘시오홀딩스 | 000640 | 10 | 109,982 | 2026-02-02 | 106,000 | -3.69% | -2.52% |
| 삼성물산 | 028260 | 6 | 173,255 | 2026-02-02 | 291,000 | 51.86% | -3.54% |
| 세아베스틸지주 | 001430 | 32 | 27,976 | 2026-02-02 | 70,900 | 92.99% | -2.64% |
| 아모레퍼시픽홀딩스 | 002790 | 18 | 27,825 | 2026-02-02 | 28,600 | 2.75% | -0.35% |
| 영원무역홀딩스 | 009970 | 16 | 133,954 | 2026-02-02 | 202,000 | 41.08% | -2.45% |
| 오리온홀딩스 | 001800 | 36 | 21,026 | 2026-02-02 | 20,700 | -1.56% | -0.96% |
| 현대지에프홀딩스 | 005440 | 90 | 8,180 | 2026-02-02 | 9,300 | 12.83% | 0.22% |

## Beta (1Y, 일간 로그수익률)
- 기준일: **2026-02-02**, 윈도우: **2025-02-02 ~ 2026-02-02**

### 포트폴리오 Beta
- 관측치 수: **154**  (공통 거래일 기준)
- 기간: **2025-02-04 ~ 2025-09-16**
- **Beta (직접법)**: **0.6632**

### 개별 종목 Beta
| name | code | n | period | beta |
|---|---:|---:|---|---:|
| KT | 030200 | 155 | 2025-02-03 ~ 2025-09-16 | 0.2927 |
| LG디스플레이 | 034220 | 155 | 2025-02-03 ~ 2025-09-16 | 1.2994 |
| LG유플러스 | 032640 | 155 | 2025-02-03 ~ 2025-09-16 | 0.2166 |
| 강원랜드 | 035250 | 155 | 2025-02-03 ~ 2025-09-16 | 0.3951 |
| 동아쏘시오홀딩스 | 000640 | 155 | 2025-02-03 ~ 2025-09-16 | 0.2798 |
| 삼성물산 | 028260 | 155 | 2025-02-03 ~ 2025-09-16 | 0.9948 |
| 세아베스틸지주 | 001430 | 155 | 2025-02-03 ~ 2025-09-16 | 0.6826 |
| 아모레퍼시픽홀딩스 | 002790 | 155 | 2025-02-03 ~ 2025-09-16 | 0.8454 |
| 영원무역홀딩스 | 009970 | 155 | 2025-02-03 ~ 2025-09-16 | 0.8247 |
| 오리온홀딩스 | 001800 | 155 | 2025-02-03 ~ 2025-09-16 | 0.7976 |
| 현대지에프홀딩스 | 005440 | 155 | 2025-02-03 ~ 2025-09-16 | 0.8791 |

## EWMA Vol (1Y, λ=0.94, Daily)
- 기준일: **2026-02-02**, 윈도우: **2025-02-02 ~ 2026-02-02**
- 결과는 **일간 표준편차(σ)**이며 **연간화하지 않음**

| name | code | n | period | ewma_sigma_daily |
|---|---:|---:|---|---:|
| KT | 030200 | 246 | 2025-02-03 ~ 2026-02-02 | 0.015558 |
| LG디스플레이 | 034220 | 246 | 2025-02-03 ~ 2026-02-02 | 0.023107 |
| LG유플러스 | 032640 | 246 | 2025-02-03 ~ 2026-02-02 | 0.020441 |
| 강원랜드 | 035250 | 246 | 2025-02-03 ~ 2026-02-02 | 0.011306 |
| 동아쏘시오홀딩스 | 000640 | 246 | 2025-02-03 ~ 2026-02-02 | 0.015571 |
| 삼성물산 | 028260 | 246 | 2025-02-03 ~ 2026-02-02 | 0.021069 |
| 세아베스틸지주 | 001430 | 246 | 2025-02-03 ~ 2026-02-02 | 0.055450 |
| 아모레퍼시픽홀딩스 | 002790 | 246 | 2025-02-03 ~ 2026-02-02 | 0.025189 |
| 영원무역홀딩스 | 009970 | 246 | 2025-02-03 ~ 2026-02-02 | 0.025532 |
| 오리온홀딩스 | 001800 | 246 | 2025-02-03 ~ 2026-02-02 | 0.015748 |
| 현대지에프홀딩스 | 005440 | 246 | 2025-02-03 ~ 2026-02-02 | 0.024900 |
## 종목 간 상관관계 (1년)

- 기준일: 2026-02-02  | 기간: 2025-02-02 ~ 2026-02-02


| name | 동아쏘시오홀딩스 | 세아베스틸지주 | 오리온홀딩스 | 아모레퍼시픽홀딩스 | 현대지에프홀딩스 | 영원무역홀딩스 | 삼성물산 | KT | LG유플러스 | 강원랜드 | LG디스플레이 |
|---|---:|---:|---:|---:|---:|---:|---:|---:|---:|---:|---:|
| 동아쏘시오홀딩스 | 1.0000 | 0.0758 | 0.3404 | 0.2041 | 0.3674 | 0.2195 | 0.1756 | 0.1041 | 0.1503 | 0.1904 | 0.2174 |
| 세아베스틸지주 | 0.0758 | 1.0000 | 0.1404 | 0.1966 | 0.1290 | 0.0967 | 0.0759 | 0.0242 | 0.0370 | 0.1207 | 0.0282 |
| 오리온홀딩스 | 0.3404 | 0.1404 | 1.0000 | 0.3654 | 0.5751 | 0.3604 | 0.3097 | 0.2074 | 0.2397 | 0.2313 | 0.1382 |
| 아모레퍼시픽홀딩스 | 0.2041 | 0.1966 | 0.3654 | 1.0000 | 0.3244 | 0.1667 | 0.3147 | 0.1544 | 0.1268 | 0.2174 | 0.1468 |
| 현대지에프홀딩스 | 0.3674 | 0.1290 | 0.5751 | 0.3244 | 1.0000 | 0.4167 | 0.3803 | 0.2210 | 0.2038 | 0.3163 | 0.1574 |
| 영원무역홀딩스 | 0.2195 | 0.0967 | 0.3604 | 0.1667 | 0.4167 | 1.0000 | 0.2752 | 0.2402 | 0.1749 | 0.1787 | 0.1279 |
| 삼성물산 | 0.1756 | 0.0759 | 0.3097 | 0.3147 | 0.3803 | 0.2752 | 1.0000 | 0.2166 | 0.1076 | 0.1266 | 0.2508 |
| KT | 0.1041 | 0.0242 | 0.2074 | 0.1544 | 0.2210 | 0.2402 | 0.2166 | 1.0000 | 0.3152 | 0.2036 | 0.0941 |
| LG유플러스 | 0.1503 | 0.0370 | 0.2397 | 0.1268 | 0.2038 | 0.1749 | 0.1076 | 0.3152 | 1.0000 | 0.2164 | 0.1427 |
| 강원랜드 | 0.1904 | 0.1207 | 0.2313 | 0.2174 | 0.3163 | 0.1787 | 0.1266 | 0.2036 | 0.2164 | 1.0000 | 0.2395 |
| LG디스플레이 | 0.2174 | 0.0282 | 0.1382 | 0.1468 | 0.1574 | 0.1279 | 0.2508 | 0.0941 | 0.1427 | 0.2395 | 1.0000 |

## 포트폴리오 VaR (10-day, 99%) — 2026-02-02

- Total portfolio value (used): 14,223,760 KRW
- z-score: 2.33
- Portfolio σ (money, 10d): 671,579 KRW
- **Portfolio VaR (10d, 99%)**: **1,564,780 KRW**
- VaR / Portfolio value: **11.00%** → ✅ 15% 이하

## Top 10 Component VaR

| Rank | Name | Position (KRW) | σ10d | cVaR (KRW) | cVaR/Port | cVaR/Pos | Note |
|---:|---|---:|---:|---:|---:|---:|---|
| 1 | 세아베스틸지주 | 2,268,800 | 0.1997 | 814,609 | 52.06% | 35.90% |  |
| 2 | 영원무역홀딩스 | 3,232,000 | 0.0694 | 304,062 | 19.43% | 9.41% |  |
| 3 | 삼성물산 | 1,746,000 | 0.0626 | 112,934 | 7.22% | 6.47% |  |
| 4 | 현대지에프홀딩스 | 837,000 | 0.0805 | 83,038 | 5.31% | 9.92% |  |
| 5 | 동아쏘시오홀딩스 | 1,060,000 | 0.0497 | 42,557 | 2.72% | 4.01% |  |
| 6 | 오리온홀딩스 | 745,200 | 0.0485 | 40,641 | 2.60% | 5.45% |  |
| 7 | 아모레퍼시픽홀딩스 | 514,800 | 0.0799 | 39,592 | 2.53% | 7.69% |  |
| 8 | LG디스플레이 | 927,360 | 0.0623 | 36,222 | 2.31% | 3.91% |  |
| 9 | LG유플러스 | 985,800 | 0.0544 | 34,491 | 2.20% | 3.50% |  |
| 10 | 강원랜드 | 1,023,600 | 0.0399 | 32,737 | 2.09% | 3.20% |  |

- Σ cVaR (all names) = 1,564,780 KRW
