# 포트폴리오 보고서 (기준일: 2025-10-29)

## 요약
- 포트폴리오 **누적 수익률**: **4.35%**  (V₀=11,045,878, Vₜ=11,536,560)
- 포트폴리오 **일일 수익률**: **1.09%**  (공통 거래일: 2025-10-28 → 2025-10-29)
- KOSPI **일일 수익률**: **1.75%**  (비교 기준일: 2025-10-29)
- **초과수익률(일일)**: **-0.66%**

## 개별 종목 현황 (오늘 기준)

| name | code | shares | buy_price | last_date | close_last | r_i_cum | r_i_daily |
|---|---:|---:|---:|---|---:|---:|---:|
| KT | 030200 | 16 | 52,901 | 2025-10-29 | 49,750 | -6.14% | 0.10% |
| LG디스플레이 | 034220 | 84 | 11,940 | 2025-10-29 | 14,500 | 19.43% | 1.32% |
| LG유플러스 | 032640 | 62 | 14,955 | 2025-10-29 | 15,250 | 1.95% | -0.07% |
| 강원랜드 | 035250 | 60 | 18,291 | 2025-10-29 | 17,040 | -7.08% | -1.17% |
| 동아쏘시오홀딩스 | 000640 | 10 | 109,982 | 2025-10-29 | 111,500 | 1.37% | 1.26% |
| 삼성물산 | 028260 | 6 | 173,255 | 2025-10-29 | 231,000 | 28.77% | 10.97% |
| 세아베스틸지주 | 001430 | 32 | 27,976 | 2025-10-29 | 28,600 | 2.21% | -3.27% |
| 아모레퍼시픽홀딩스 | 002790 | 18 | 27,825 | 2025-10-29 | 25,500 | -8.73% | -0.98% |
| 영원무역홀딩스 | 009970 | 16 | 133,954 | 2025-10-29 | 141,800 | 5.69% | 0.49% |
| 오리온홀딩스 | 001800 | 36 | 21,026 | 2025-10-29 | 19,060 | -9.82% | -1.15% |
| 현대지에프홀딩스 | 005440 | 90 | 8,180 | 2025-10-29 | 8,050 | -1.60% | -0.74% |

## Beta (1Y, 일간 로그수익률)
- 기준일: **2025-10-29**, 윈도우: **2024-10-29 ~ 2025-10-29**

### 포트폴리오 Beta
- 관측치 수: **242**  (공통 거래일 기준)
- 기간: **2024-10-30 ~ 2025-10-29**
- **Beta (직접법)**: **0.6133**

### 개별 종목 Beta
| name | code | n | period | beta |
|---|---:|---:|---|---:|
| KT | 030200 | 243 | 2024-10-29 ~ 2025-10-29 | 0.2658 |
| LG디스플레이 | 034220 | 243 | 2024-10-29 ~ 2025-10-29 | 1.2153 |
| LG유플러스 | 032640 | 243 | 2024-10-29 ~ 2025-10-29 | 0.2498 |
| 강원랜드 | 035250 | 243 | 2024-10-29 ~ 2025-10-29 | 0.3771 |
| 동아쏘시오홀딩스 | 000640 | 243 | 2024-10-29 ~ 2025-10-29 | 0.2428 |
| 삼성물산 | 028260 | 243 | 2024-10-29 ~ 2025-10-29 | 1.1551 |
| 세아베스틸지주 | 001430 | 243 | 2024-10-29 ~ 2025-10-29 | 0.6033 |
| 아모레퍼시픽홀딩스 | 002790 | 243 | 2024-10-29 ~ 2025-10-29 | 0.8301 |
| 영원무역홀딩스 | 009970 | 243 | 2024-10-29 ~ 2025-10-29 | 0.5931 |
| 오리온홀딩스 | 001800 | 243 | 2024-10-29 ~ 2025-10-29 | 0.6291 |
| 현대지에프홀딩스 | 005440 | 243 | 2024-10-29 ~ 2025-10-29 | 0.7711 |

## EWMA Vol (1Y, λ=0.94, Daily)
- 기준일: **2025-10-29**, 윈도우: **2024-10-29 ~ 2025-10-29**
- 결과는 **일간 표준편차(σ)**이며 **연간화하지 않음**

| name | code | n | period | ewma_sigma_daily |
|---|---:|---:|---|---:|
| KT | 030200 | 243 | 2024-10-29 ~ 2025-10-29 | 0.011486 |
| LG디스플레이 | 034220 | 243 | 2024-10-29 ~ 2025-10-29 | 0.031464 |
| LG유플러스 | 032640 | 243 | 2024-10-29 ~ 2025-10-29 | 0.013718 |
| 강원랜드 | 035250 | 243 | 2024-10-29 ~ 2025-10-29 | 0.009561 |
| 동아쏘시오홀딩스 | 000640 | 243 | 2024-10-29 ~ 2025-10-29 | 0.015557 |
| 삼성물산 | 028260 | 243 | 2024-10-29 ~ 2025-10-29 | 0.037450 |
| 세아베스틸지주 | 001430 | 243 | 2024-10-29 ~ 2025-10-29 | 0.031272 |
| 아모레퍼시픽홀딩스 | 002790 | 243 | 2024-10-29 ~ 2025-10-29 | 0.014101 |
| 영원무역홀딩스 | 009970 | 243 | 2024-10-29 ~ 2025-10-29 | 0.018349 |
| 오리온홀딩스 | 001800 | 243 | 2024-10-29 ~ 2025-10-29 | 0.014075 |
| 현대지에프홀딩스 | 005440 | 243 | 2024-10-29 ~ 2025-10-29 | 0.025292 |
## 종목 간 상관관계 (1년)

- 기준일: 2025-10-29  | 기간: 2024-10-29 ~ 2025-10-29


| name | 동아쏘시오홀딩스 | 세아베스틸지주 | 오리온홀딩스 | 아모레퍼시픽홀딩스 | 현대지에프홀딩스 | 영원무역홀딩스 | 삼성물산 | KT | LG유플러스 | 강원랜드 | LG디스플레이 |
|---|---:|---:|---:|---:|---:|---:|---:|---:|---:|---:|---:|
| 동아쏘시오홀딩스 | 1.0000 | 0.1375 | 0.2898 | 0.2170 | 0.3097 | 0.2201 | 0.1182 | 0.0068 | 0.0724 | 0.1595 | 0.1780 |
| 세아베스틸지주 | 0.1375 | 1.0000 | 0.1802 | 0.2480 | 0.2412 | 0.2413 | 0.0545 | 0.0285 | 0.0573 | 0.2318 | 0.1117 |
| 오리온홀딩스 | 0.2898 | 0.1802 | 1.0000 | 0.3585 | 0.5122 | 0.3973 | 0.2883 | 0.1734 | 0.2349 | 0.2220 | 0.1552 |
| 아모레퍼시픽홀딩스 | 0.2170 | 0.2480 | 0.3585 | 1.0000 | 0.3235 | 0.2622 | 0.4101 | 0.1717 | 0.0906 | 0.2629 | 0.2401 |
| 현대지에프홀딩스 | 0.3097 | 0.2412 | 0.5122 | 0.3235 | 1.0000 | 0.3942 | 0.3562 | 0.1658 | 0.1756 | 0.2960 | 0.1598 |
| 영원무역홀딩스 | 0.2201 | 0.2413 | 0.3973 | 0.2622 | 0.3942 | 1.0000 | 0.2698 | 0.1999 | 0.1539 | 0.1312 | 0.1485 |
| 삼성물산 | 0.1182 | 0.0545 | 0.2883 | 0.4101 | 0.3562 | 0.2698 | 1.0000 | 0.1421 | 0.1420 | 0.1399 | 0.2530 |
| KT | 0.0068 | 0.0285 | 0.1734 | 0.1717 | 0.1658 | 0.1999 | 0.1421 | 1.0000 | 0.3858 | 0.1844 | 0.0392 |
| LG유플러스 | 0.0724 | 0.0573 | 0.2349 | 0.0906 | 0.1756 | 0.1539 | 0.1420 | 0.3858 | 1.0000 | 0.2179 | 0.1319 |
| 강원랜드 | 0.1595 | 0.2318 | 0.2220 | 0.2629 | 0.2960 | 0.1312 | 0.1399 | 0.1844 | 0.2179 | 1.0000 | 0.2973 |
| LG디스플레이 | 0.1780 | 0.1117 | 0.1552 | 0.2401 | 0.1598 | 0.1485 | 0.2530 | 0.0392 | 0.1319 | 0.2973 | 1.0000 |

## 포트폴리오 VaR (10-day, 99%) — 2025-10-29

- Total portfolio value (used): 11,536,560 KRW
- z-score: 2.33
- Portfolio σ (money, 10d): 414,455 KRW
- **Portfolio VaR (10d, 99%)**: **965,680 KRW**
- VaR / Portfolio value: **8.37%** → ✅ 15% 이하

## Top 10 Component VaR

| Rank | Name | Position (KRW) | σ10d | cVaR (KRW) | cVaR/Port | cVaR/Pos | Note |
|---:|---|---:|---:|---:|---:|---:|---|
| 1 | 삼성물산 | 1,386,000 | 0.1142 | 250,523 | 25.94% | 18.08% |  |
| 2 | 영원무역홀딩스 | 2,268,800 | 0.0548 | 192,772 | 19.96% | 8.50% |  |
| 3 | LG디스플레이 | 1,218,000 | 0.0791 | 114,829 | 11.89% | 9.43% |  |
| 4 | 세아베스틸지주 | 915,200 | 0.1106 | 110,531 | 11.45% | 12.08% |  |
| 5 | 현대지에프홀딩스 | 724,500 | 0.0829 | 90,078 | 9.33% | 12.43% |  |
| 6 | 동아쏘시오홀딩스 | 1,115,000 | 0.0498 | 54,086 | 5.60% | 4.85% |  |
| 7 | 오리온홀딩스 | 686,160 | 0.0450 | 40,856 | 4.23% | 5.95% |  |
| 8 | LG유플러스 | 945,500 | 0.0469 | 36,222 | 3.75% | 3.83% |  |
| 9 | 강원랜드 | 1,022,400 | 0.0320 | 32,510 | 3.37% | 3.18% |  |
| 10 | 아모레퍼시픽홀딩스 | 459,000 | 0.0444 | 25,863 | 2.68% | 5.63% |  |

- Σ cVaR (all names) = 965,680 KRW
