# 포트폴리오 보고서 (기준일: 2025-12-05)

## 요약
- 포트폴리오 **누적 수익률**: **12.83%**  (V₀=11,045,878, Vₜ=12,557,980)
- 포트폴리오 **일일 수익률**: **0.48%**  (공통 거래일: 2025-12-04 → 2025-12-05)
- KOSPI **일일 수익률**: **1.76%**  (비교 기준일: 2025-12-05)
- **초과수익률(일일)**: **-1.28%**

## 개별 종목 현황 (오늘 기준)

| name | code | shares | buy_price | last_date | close_last | r_i_cum | r_i_daily |
|---|---:|---:|---:|---|---:|---:|---:|
| KT | 030200 | 16 | 52,901 | 2025-12-05 | 53,100 | 0.38% | 0.00% |
| LG디스플레이 | 034220 | 84 | 11,940 | 2025-12-05 | 13,270 | 10.56% | 3.22% |
| LG유플러스 | 032640 | 62 | 14,955 | 2025-12-05 | 15,300 | 2.28% | 0.33% |
| 강원랜드 | 035250 | 60 | 18,291 | 2025-12-05 | 17,920 | -2.05% | -0.45% |
| 동아쏘시오홀딩스 | 000640 | 10 | 109,982 | 2025-12-05 | 121,000 | 9.55% | -0.74% |
| 삼성물산 | 028260 | 6 | 173,255 | 2025-12-05 | 244,000 | 34.24% | 1.44% |
| 세아베스틸지주 | 001430 | 32 | 27,976 | 2025-12-05 | 28,100 | 0.44% | 0.18% |
| 아모레퍼시픽홀딩스 | 002790 | 18 | 27,825 | 2025-12-05 | 27,950 | 0.45% | -0.18% |
| 영원무역홀딩스 | 009970 | 16 | 133,954 | 2025-12-05 | 187,700 | 33.73% | 0.91% |
| 오리온홀딩스 | 001800 | 36 | 21,026 | 2025-12-05 | 20,450 | -2.78% | -0.73% |
| 현대지에프홀딩스 | 005440 | 90 | 8,180 | 2025-12-05 | 8,380 | 2.42% | -1.07% |

## Beta (1Y, 일간 로그수익률)
- 기준일: **2025-12-05**, 윈도우: **2024-12-05 ~ 2025-12-05**

### 포트폴리오 Beta
- 관측치 수: **242**  (공통 거래일 기준)
- 기간: **2024-12-06 ~ 2025-12-05**
- **Beta (직접법)**: **0.5843**

### 개별 종목 Beta
| name | code | n | period | beta |
|---|---:|---:|---|---:|
| KT | 030200 | 243 | 2024-12-05 ~ 2025-12-05 | 0.2787 |
| LG디스플레이 | 034220 | 243 | 2024-12-05 ~ 2025-12-05 | 1.1400 |
| LG유플러스 | 032640 | 243 | 2024-12-05 ~ 2025-12-05 | 0.1940 |
| 강원랜드 | 035250 | 243 | 2024-12-05 ~ 2025-12-05 | 0.3222 |
| 동아쏘시오홀딩스 | 000640 | 243 | 2024-12-05 ~ 2025-12-05 | 0.2400 |
| 삼성물산 | 028260 | 243 | 2024-12-05 ~ 2025-12-05 | 1.0677 |
| 세아베스틸지주 | 001430 | 243 | 2024-12-05 ~ 2025-12-05 | 0.5829 |
| 아모레퍼시픽홀딩스 | 002790 | 243 | 2024-12-05 ~ 2025-12-05 | 0.6897 |
| 영원무역홀딩스 | 009970 | 243 | 2024-12-05 ~ 2025-12-05 | 0.5956 |
| 오리온홀딩스 | 001800 | 243 | 2024-12-05 ~ 2025-12-05 | 0.6179 |
| 현대지에프홀딩스 | 005440 | 243 | 2024-12-05 ~ 2025-12-05 | 0.7897 |

## EWMA Vol (1Y, λ=0.94, Daily)
- 기준일: **2025-12-05**, 윈도우: **2024-12-05 ~ 2025-12-05**
- 결과는 **일간 표준편차(σ)**이며 **연간화하지 않음**

| name | code | n | period | ewma_sigma_daily |
|---|---:|---:|---|---:|
| KT | 030200 | 243 | 2024-12-05 ~ 2025-12-05 | 0.014087 |
| LG디스플레이 | 034220 | 243 | 2024-12-05 ~ 2025-12-05 | 0.025490 |
| LG유플러스 | 032640 | 243 | 2024-12-05 ~ 2025-12-05 | 0.018325 |
| 강원랜드 | 035250 | 243 | 2024-12-05 ~ 2025-12-05 | 0.010300 |
| 동아쏘시오홀딩스 | 000640 | 243 | 2024-12-05 ~ 2025-12-05 | 0.017856 |
| 삼성물산 | 028260 | 243 | 2024-12-05 ~ 2025-12-05 | 0.033776 |
| 세아베스틸지주 | 001430 | 243 | 2024-12-05 ~ 2025-12-05 | 0.023207 |
| 아모레퍼시픽홀딩스 | 002790 | 243 | 2024-12-05 ~ 2025-12-05 | 0.025503 |
| 영원무역홀딩스 | 009970 | 243 | 2024-12-05 ~ 2025-12-05 | 0.036542 |
| 오리온홀딩스 | 001800 | 243 | 2024-12-05 ~ 2025-12-05 | 0.017536 |
| 현대지에프홀딩스 | 005440 | 243 | 2024-12-05 ~ 2025-12-05 | 0.026226 |
## 종목 간 상관관계 (1년)

- 기준일: 2025-12-05  | 기간: 2024-12-05 ~ 2025-12-05


| name | 동아쏘시오홀딩스 | 세아베스틸지주 | 오리온홀딩스 | 아모레퍼시픽홀딩스 | 현대지에프홀딩스 | 영원무역홀딩스 | 삼성물산 | KT | LG유플러스 | 강원랜드 | LG디스플레이 |
|---|---:|---:|---:|---:|---:|---:|---:|---:|---:|---:|---:|
| 동아쏘시오홀딩스 | 1.0000 | 0.1801 | 0.3163 | 0.1877 | 0.3214 | 0.2343 | 0.1854 | 0.0287 | 0.1146 | 0.1583 | 0.1980 |
| 세아베스틸지주 | 0.1801 | 1.0000 | 0.2268 | 0.2955 | 0.2665 | 0.1557 | 0.1160 | 0.0935 | 0.1093 | 0.2663 | 0.1565 |
| 오리온홀딩스 | 0.3163 | 0.2268 | 1.0000 | 0.3883 | 0.5644 | 0.3545 | 0.3234 | 0.1945 | 0.2411 | 0.2507 | 0.1683 |
| 아모레퍼시픽홀딩스 | 0.1877 | 0.2955 | 0.3883 | 1.0000 | 0.3194 | 0.2002 | 0.3591 | 0.2243 | 0.1687 | 0.2896 | 0.2073 |
| 현대지에프홀딩스 | 0.3214 | 0.2665 | 0.5644 | 0.3194 | 1.0000 | 0.4293 | 0.4061 | 0.2423 | 0.2153 | 0.3293 | 0.1920 |
| 영원무역홀딩스 | 0.2343 | 0.1557 | 0.3545 | 0.2002 | 0.4293 | 1.0000 | 0.2613 | 0.2553 | 0.1847 | 0.1613 | 0.1637 |
| 삼성물산 | 0.1854 | 0.1160 | 0.3234 | 0.3591 | 0.4061 | 0.2613 | 1.0000 | 0.2200 | 0.1427 | 0.1722 | 0.2759 |
| KT | 0.0287 | 0.0935 | 0.1945 | 0.2243 | 0.2423 | 0.2553 | 0.2200 | 1.0000 | 0.3001 | 0.1647 | 0.0867 |
| LG유플러스 | 0.1146 | 0.1093 | 0.2411 | 0.1687 | 0.2153 | 0.1847 | 0.1427 | 0.3001 | 1.0000 | 0.2067 | 0.1712 |
| 강원랜드 | 0.1583 | 0.2663 | 0.2507 | 0.2896 | 0.3293 | 0.1613 | 0.1722 | 0.1647 | 0.2067 | 1.0000 | 0.2895 |
| LG디스플레이 | 0.1980 | 0.1565 | 0.1683 | 0.2073 | 0.1920 | 0.1637 | 0.2759 | 0.0867 | 0.1712 | 0.2895 | 1.0000 |

## 포트폴리오 VaR (10-day, 99%) — 2025-12-05

- Total portfolio value (used): 12,557,980 KRW
- z-score: 2.33
- Portfolio σ (money, 10d): 555,000 KRW
- **Portfolio VaR (10d, 99%)**: **1,293,150 KRW**
- VaR / Portfolio value: **10.30%** → ✅ 15% 이하

## Top 10 Component VaR

| Rank | Name | Position (KRW) | σ10d | cVaR (KRW) | cVaR/Port | cVaR/Pos | Note |
|---:|---|---:|---:|---:|---:|---:|---|
| 1 | 영원무역홀딩스 | 3,003,200 | 0.1012 | 578,758 | 44.76% | 19.27% |  |
| 2 | 삼성물산 | 1,464,000 | 0.0961 | 198,230 | 15.33% | 13.54% |  |
| 3 | 현대지에프홀딩스 | 754,200 | 0.0849 | 100,459 | 7.77% | 13.32% |  |
| 4 | LG디스플레이 | 1,114,680 | 0.0655 | 72,368 | 5.60% | 6.49% |  |
| 5 | 세아베스틸지주 | 899,200 | 0.0853 | 70,859 | 5.48% | 7.88% |  |
| 6 | 동아쏘시오홀딩스 | 1,210,000 | 0.0551 | 68,713 | 5.31% | 5.68% |  |
| 7 | 오리온홀딩스 | 736,200 | 0.0542 | 54,142 | 4.19% | 7.35% |  |
| 8 | 아모레퍼시픽홀딩스 | 503,100 | 0.0793 | 44,210 | 3.42% | 8.79% |  |
| 9 | LG유플러스 | 948,600 | 0.0521 | 41,832 | 3.23% | 4.41% |  |
| 10 | 강원랜드 | 1,075,200 | 0.0352 | 35,120 | 2.72% | 3.27% |  |

- Σ cVaR (all names) = 1,293,150 KRW
