# 포트폴리오 보고서 (기준일: 2025-09-29)

## 요약
- 포트폴리오 **누적 수익률**: **2.23%**  (V₀=11,045,878, Vₜ=11,295,480)
- 포트폴리오 **일일 수익률**: **0.68%**  (공통 거래일: 2025-09-26 → 2025-09-29)
- KOSPI **일일 수익률**: **1.32%**  (비교 기준일: 2025-09-29)
- **초과수익률(일일)**: **-0.65%**

## 개별 종목 현황 (오늘 기준)

| name | code | shares | buy_price | last_date | close_last | r_i_cum | r_i_daily |
|---|---:|---:|---:|---|---:|---:|---:|
| KT | 030200 | 16 | 52,901 | 2025-09-29 | 50,500 | -4.64% | -1.18% |
| LG디스플레이 | 034220 | 84 | 11,940 | 2025-09-29 | 14,630 | 20.32% | 4.19% |
| LG유플러스 | 032640 | 62 | 14,955 | 2025-09-29 | 15,380 | 2.80% | 2.64% |
| 강원랜드 | 035250 | 60 | 18,291 | 2025-09-29 | 18,080 | -1.16% | 0.89% |
| 동아쏘시오홀딩스 | 000640 | 10 | 109,982 | 2025-09-29 | 115,500 | 4.90% | -0.35% |
| 삼성물산 | 028260 | 6 | 173,255 | 2025-09-29 | 188,000 | 8.17% | 0.05% |
| 세아베스틸지주 | 001430 | 32 | 27,976 | 2025-09-29 | 24,850 | -11.85% | -0.40% |
| 아모레퍼시픽홀딩스 | 002790 | 18 | 27,825 | 2025-09-29 | 26,600 | -4.50% | 2.67% |
| 영원무역홀딩스 | 009970 | 16 | 133,954 | 2025-09-29 | 138,500 | 3.34% | -0.50% |
| 오리온홀딩스 | 001800 | 36 | 21,026 | 2025-09-29 | 20,300 | -3.51% | 0.25% |
| 현대지에프홀딩스 | 005440 | 90 | 8,180 | 2025-09-29 | 7,960 | -2.73% | 0.63% |

## Beta (1Y, 일간 로그수익률)
- 기준일: **2025-09-29**, 윈도우: **2024-09-29 ~ 2025-09-29**

### 포트폴리오 Beta
- 관측치 수: **243**  (공통 거래일 기준)
- 기간: **2024-10-02 ~ 2025-09-29**
- **Beta (직접법)**: **0.6274**

### 개별 종목 Beta
| name | code | n | period | beta |
|---|---:|---:|---|---:|
| KT | 030200 | 244 | 2024-09-30 ~ 2025-09-29 | 0.2360 |
| LG디스플레이 | 034220 | 244 | 2024-09-30 ~ 2025-09-29 | 1.2923 |
| LG유플러스 | 032640 | 244 | 2024-09-30 ~ 2025-09-29 | 0.2427 |
| 강원랜드 | 035250 | 244 | 2024-09-30 ~ 2025-09-29 | 0.4269 |
| 동아쏘시오홀딩스 | 000640 | 244 | 2024-09-30 ~ 2025-09-29 | 0.2716 |
| 삼성물산 | 028260 | 244 | 2024-09-30 ~ 2025-09-29 | 1.0404 |
| 세아베스틸지주 | 001430 | 244 | 2024-09-30 ~ 2025-09-29 | 0.6794 |
| 아모레퍼시픽홀딩스 | 002790 | 244 | 2024-09-30 ~ 2025-09-29 | 0.9336 |
| 영원무역홀딩스 | 009970 | 244 | 2024-09-30 ~ 2025-09-29 | 0.5754 |
| 오리온홀딩스 | 001800 | 244 | 2024-09-30 ~ 2025-09-29 | 0.6710 |
| 현대지에프홀딩스 | 005440 | 244 | 2024-09-30 ~ 2025-09-29 | 0.8241 |

## EWMA Vol (1Y, λ=0.94, Daily)
- 기준일: **2025-09-29**, 윈도우: **2024-09-29 ~ 2025-09-29**
- 결과는 **일간 표준편차(σ)**이며 **연간화하지 않음**

| name | code | n | period | ewma_sigma_daily |
|---|---:|---:|---|---:|
| KT | 030200 | 244 | 2024-09-30 ~ 2025-09-29 | 0.012840 |
| LG디스플레이 | 034220 | 244 | 2024-09-30 ~ 2025-09-29 | 0.035900 |
| LG유플러스 | 032640 | 244 | 2024-09-30 ~ 2025-09-29 | 0.017623 |
| 강원랜드 | 035250 | 244 | 2024-09-30 ~ 2025-09-29 | 0.009424 |
| 동아쏘시오홀딩스 | 000640 | 244 | 2024-09-30 ~ 2025-09-29 | 0.019379 |
| 삼성물산 | 028260 | 244 | 2024-09-30 ~ 2025-09-29 | 0.020024 |
| 세아베스틸지주 | 001430 | 244 | 2024-09-30 ~ 2025-09-29 | 0.016546 |
| 아모레퍼시픽홀딩스 | 002790 | 244 | 2024-09-30 ~ 2025-09-29 | 0.016365 |
| 영원무역홀딩스 | 009970 | 244 | 2024-09-30 ~ 2025-09-29 | 0.022830 |
| 오리온홀딩스 | 001800 | 244 | 2024-09-30 ~ 2025-09-29 | 0.015065 |
| 현대지에프홀딩스 | 005440 | 244 | 2024-09-30 ~ 2025-09-29 | 0.029285 |
## 종목 간 상관관계 (1년)

- 기준일: 2025-09-29  | 기간: 2024-09-29 ~ 2025-09-29


| name | 동아쏘시오홀딩스 | 세아베스틸지주 | 오리온홀딩스 | 아모레퍼시픽홀딩스 | 현대지에프홀딩스 | 영원무역홀딩스 | 삼성물산 | KT | LG유플러스 | 강원랜드 | LG디스플레이 |
|---|---:|---:|---:|---:|---:|---:|---:|---:|---:|---:|---:|
| 동아쏘시오홀딩스 | 1.0000 | 0.1060 | 0.2744 | 0.2006 | 0.3203 | 0.1990 | 0.1346 | -0.0137 | 0.0484 | 0.1650 | 0.1853 |
| 세아베스틸지주 | 0.1060 | 1.0000 | 0.1756 | 0.2348 | 0.2428 | 0.2148 | 0.0969 | 0.0198 | 0.0707 | 0.2350 | 0.1746 |
| 오리온홀딩스 | 0.2744 | 0.1756 | 1.0000 | 0.3509 | 0.4897 | 0.3715 | 0.3180 | 0.1693 | 0.2320 | 0.2084 | 0.1613 |
| 아모레퍼시픽홀딩스 | 0.2006 | 0.2348 | 0.3509 | 1.0000 | 0.3268 | 0.2591 | 0.4551 | 0.1318 | 0.0893 | 0.2679 | 0.2741 |
| 현대지에프홀딩스 | 0.3203 | 0.2428 | 0.4897 | 0.3268 | 1.0000 | 0.3790 | 0.4020 | 0.1468 | 0.1531 | 0.2953 | 0.1779 |
| 영원무역홀딩스 | 0.1990 | 0.2148 | 0.3715 | 0.2591 | 0.3790 | 1.0000 | 0.2837 | 0.1748 | 0.1511 | 0.1370 | 0.1408 |
| 삼성물산 | 0.1346 | 0.0969 | 0.3180 | 0.4551 | 0.4020 | 0.2837 | 1.0000 | 0.1282 | 0.1266 | 0.1874 | 0.2392 |
| KT | -0.0137 | 0.0198 | 0.1693 | 0.1318 | 0.1468 | 0.1748 | 0.1282 | 1.0000 | 0.3934 | 0.1560 | 0.0130 |
| LG유플러스 | 0.0484 | 0.0707 | 0.2320 | 0.0893 | 0.1531 | 0.1511 | 0.1266 | 0.3934 | 1.0000 | 0.1960 | 0.1086 |
| 강원랜드 | 0.1650 | 0.2350 | 0.2084 | 0.2679 | 0.2953 | 0.1370 | 0.1874 | 0.1560 | 0.1960 | 1.0000 | 0.3117 |
| LG디스플레이 | 0.1853 | 0.1746 | 0.1613 | 0.2741 | 0.1779 | 0.1408 | 0.2392 | 0.0130 | 0.1086 | 0.3117 | 1.0000 |

## 포트폴리오 VaR (10-day, 99%) — 2025-09-29

- Total portfolio value (used): 11,295,480 KRW
- z-score: 2.33
- Portfolio σ (money, 10d): 388,911 KRW
- **Portfolio VaR (10d, 99%)**: **906,163 KRW**
- VaR / Portfolio value: **8.02%** → ✅ 15% 이하

## Top 10 Component VaR

| Rank | Name | Position (KRW) | σ10d | cVaR (KRW) | cVaR/Port | cVaR/Pos | Note |
|---:|---|---:|---:|---:|---:|---:|---|
| 1 | 영원무역홀딩스 | 2,216,000 | 0.0663 | 240,451 | 26.54% | 10.85% |  |
| 2 | LG디스플레이 | 1,228,920 | 0.0943 | 151,277 | 16.69% | 12.31% |  |
| 3 | 현대지에프홀딩스 | 716,400 | 0.0981 | 108,926 | 12.02% | 15.20% |  |
| 4 | 삼성물산 | 1,128,000 | 0.0649 | 98,870 | 10.91% | 8.77% |  |
| 5 | 동아쏘시오홀딩스 | 1,155,000 | 0.0594 | 73,773 | 8.14% | 6.39% |  |
| 6 | LG유플러스 | 953,560 | 0.0612 | 51,936 | 5.73% | 5.45% |  |
| 7 | 오리온홀딩스 | 730,800 | 0.0479 | 47,860 | 5.28% | 6.55% |  |
| 8 | 세아베스틸지주 | 795,200 | 0.0594 | 44,029 | 4.86% | 5.54% |  |
| 9 | 강원랜드 | 1,084,800 | 0.0312 | 35,951 | 3.97% | 3.31% |  |
| 10 | 아모레퍼시픽홀딩스 | 478,800 | 0.0556 | 33,162 | 3.66% | 6.93% |  |

- Σ cVaR (all names) = 906,163 KRW
